term,horse,bear,cat,dog,cow,leg,arm,hand,foot,eye,apartment,igloo,barn,house,church,door,closet,chimney,window,arch,shirt,pants,skirt,coat,dress,chair,dresser,bed,table,desk,ant,butterfly,fly,bee,beetle,knife,bottle,glass,spoon,cup,telephone,key,watch,refrigerator,bell,screwdriver,chisel,pliers,saw,hammer,tomato,celery,corn,carrot,lettuce,bicycle,car,train,truck,airplane
horse,1.0,0.8673224241537563,0.8554027111435821,0.8243732993450594,0.8462549428235202,0.8137563242727555,0.7718473462069179,0.8307481833451333,0.8427563658213517,0.8451874756976328,0.7871225905363909,0.7604366212559517,0.8222726429919532,0.8000417043932029,0.8227981401818325,0.8398018427424458,0.8524562667233149,0.8190805873900545,0.8151236952442427,0.7515144488048977,0.8374023167877441,0.8535969793779027,0.816840641666234,0.8807493385412061,0.8567217925199423,0.8472269720356589,0.8230440696660779,0.8688518392104121,0.8508154649021251,0.8184525266157929,0.7971702947067314,0.8022030122996432,0.85291573494215,0.8924504709994633,0.8310535685778174,0.7861365119291897,0.8115339932175757,0.6733136576032932,0.7923092799500352,0.7413926481816066,0.8619621636420937,0.782674261547768,0.8411893557341148,0.8139834469244254,0.7518305251736973,0.7801133038721564,0.8571802388977432,0.7715497262916192,0.8275303222452294,0.8180406499498388,0.684151969374947,0.5947145536013324,0.7448416915833931,0.8058444307083487,0.7928459698029782,0.8666532884300066,0.751385918182535,0.8157767428179455,0.8576103688216424,0.8933249968560095
bear,0.8673224241537563,1.0,0.8539482431825987,0.7844195213542636,0.848327441503253,0.7328426831149362,0.792394408005857,0.8215235886175214,0.805060288299841,0.8610347825975608,0.8212284871236929,0.804184304483488,0.8421546951781085,0.7964736594479392,0.8323111326400265,0.8671956324844595,0.8425534183960126,0.7720580634471104,0.808101379738256,0.7790967710816812,0.8341750187492426,0.7949883095249219,0.7705340095071688,0.8418540307168322,0.840396560440388,0.8135431634958641,0.8392835849950969,0.8814935895312124,0.8491626851239638,0.7900535098202657,0.7760535569122383,0.8303794397206676,0.8440661655602348,0.8793837807254622,0.8014757633948104,0.8257238922545411,0.7534868045147344,0.6745169297064194,0.8159417320004179,0.7315145005278207,0.8053401270622143,0.784990433418372,0.8169076908368795,0.8408221587805497,0.7521395646468937,0.791739590024753,0.8249739915043697,0.8057369527814239,0.8288040936555141,0.8216333374526666,0.695403135909346,0.640849156166011,0.7275540150829017,0.8204926061948415,0.8160563095143746,0.8521315692343512,0.8173809317198184,0.7883934918951478,0.8603967750728796,0.8351201191532185
cat,0.8554027111435821,0.8539482431825987,1.0,0.7985559386884497,0.8022619343397419,0.8211199752149161,0.7944254397439137,0.855555485868473,0.7691053905146162,0.8239866453646315,0.7418486155858145,0.8246764435708721,0.8280882740460065,0.771264118501618,0.7900216681066266,0.8106540345946209,0.8483455925199819,0.7277016555880811,0.7534099188088821,0.6951410614589341,0.84814470489087,0.7888117027004138,0.7799408883625938,0.8339695619234982,0.8509639990223183,0.8473255756161342,0.7891196551251297,0.8287681072715227,0.8057232068965493,0.7734621264745112,0.825960422739617,0.8469752061870465,0.8069218290763077,0.8652097940431548,0.8160895076968642,0.7647916375521676,0.7586308719324174,0.7166238175851685,0.7760754084871715,0.6991936379907073,0.8021115890454127,0.8493614429506414,0.8128789632024046,0.8027004875209234,0.7172463195687254,0.7374848186049989,0.8036089295341581,0.7340371027762311,0.7832122871024829,0.7836490955048766,0.684737794158505,0.5326592453814858,0.7141850189375493,0.7559725609247552,0.7647133192209533,0.8535014600557362,0.799590191584022,0.7809182735883163,0.8134227762124077,0.7898889018490926
dog,0.8243732993450594,0.7844195213542636,0.7985559386884497,1.0,0.8419284250581606,0.7479875102352321,0.7733616603590732,0.7683975926287092,0.7965332924470027,0.7890453957427249,0.6958287804956431,0.7032754274754601,0.7555033505695111,0.7799576791953603,0.7647471257219776,0.7278021247078307,0.7826195085769176,0.7126158626315722,0.7569207731355408,0.6418532872122363,0.7376321022184645,0.7804200427686936,0.8073705122984716,0.8671091755424157,0.7795430977043569,0.7695128478446815,0.7131917125987937,0.8148727266099233,0.7647558124460401,0.7182567281010439,0.8106686604130375,0.7001707858188899,0.8292778180189462,0.8156869079522754,0.7870585296813305,0.7077960887559257,0.7996335219421745,0.6685377433797521,0.7013092482496233,0.73566370207076,0.7689431013119141,0.7515127307974551,0.7672257093631556,0.7077311290449168,0.7703905595193633,0.6727285729047396,0.7458448307877039,0.7545847896359446,0.7814777968019625,0.7935689039822094,0.6269391843611026,0.5996532594520025,0.7299572245944486,0.7084992868076846,0.7254872919231495,0.7846194758515702,0.731572938089449,0.7127069899784616,0.8154916645267811,0.8137327869187997
cow,0.8462549428235202,0.848327441503253,0.8022619343397419,0.8419284250581606,1.0,0.7279514744011668,0.7971437782526843,0.793601668119848,0.8121631778202242,0.8231042144748524,0.7481703884170249,0.7751091456215736,0.8239596880834495,0.8017593215326385,0.8256109180839605,0.8187995314665797,0.8073316045207013,0.7682711000951414,0.7317170514436957,0.6948475783727364,0.8071768148685261,0.775233190670412,0.779459954102834,0.8645513072303028,0.8111435046478923,0.7586304736402852,0.7753114549590352,0.8236355498425113,0.8056805808912056,0.7796626950798243,0.8204214454129058,0.7772736415997372,0.8750158953355234,0.8462880346808445,0.7754329559548876,0.7308606036003846,0.7899062644980643,0.6571818208020741,0.7289922367929518,0.6936814363090121,0.7933849004412089,0.7693639104678756,0.7868918876549735,0.7735888032377914,0.7752431570566284,0.7320252983519817,0.7606198894917785,0.7578835877507085,0.7806521282029608,0.7885226415345843,0.663850193033558,0.6393146241216201,0.7483386461342435,0.7317174846942167,0.794646174595345,0.8113762567037297,0.7567419592226801,0.7425473878564286,0.8295482646866543,0.8199723551215318
leg,0.8137563242727555,0.7328426831149362,0.8211199752149161,0.7479875102352321,0.7279514744011668,1.0,0.7345651734759434,0.8004518726728459,0.7547151994591369,0.7560925588109717,0.622035102081288,0.6842491606915005,0.7600790940847745,0.7045154537200576,0.7457754179814198,0.7126121605368896,0.7940481746570843,0.7839689102822543,0.7167269354483292,0.6207669813345218,0.7622752625380008,0.7603193167003588,0.7348119088814258,0.8206793507421865,0.7974332564221263,0.7918031638328692,0.6690868734231562,0.7710979657919227,0.7746813287660285,0.7111000786062546,0.7343105652797183,0.6850187598322083,0.7219735535730206,0.803590473093853,0.7327141318849814,0.678470288330928,0.7198545843259807,0.6458010689978326,0.6842986563488681,0.6513715992543962,0.8299194715482165,0.7478272239967478,0.8268927786457746,0.7072872409245293,0.7008860003637855,0.7384209872473515,0.7931677892338816,0.7000875866867348,0.7046620850345028,0.7357267167477067,0.5456896817386341,0.4496446564673263,0.6859117797134008,0.628461068439148,0.7164791399840336,0.8209595178205796,0.665103971603251,0.7147451983837244,0.7165668091865373,0.7469375405183548
arm,0.7718473462069179,0.792394408005857,0.7944254397439137,0.7733616603590732,0.7971437782526843,0.7345651734759434,1.0,0.8555233797360936,0.8466576197768835,0.8193355947949077,0.7161861779698783,0.7709042804004594,0.7982700464873957,0.6961474529946797,0.750346791603417,0.7705703544806356,0.8149993878476848,0.714356176979356,0.7051828689203561,0.705742865307204,0.8269825800139755,0.7103248596325142,0.7502908739705075,0.8512279263791358,0.7964237567702098,0.8110949222504173,0.7889511845720747,0.8189387027893382,0.8383953637029489,0.8122667337717724,0.786863373334412,0.7744646514254178,0.7812323964697103,0.8040970047800166,0.7488388102170652,0.7781601571140113,0.6835260294369284,0.5930042548063834,0.8272586425537266,0.649402182088841,0.7789400775906122,0.7985564505007999,0.8059170692442447,0.7188105662641823,0.7625311529662376,0.7975253949828716,0.7988797528905756,0.7730169625612512,0.8212146521911915,0.8131082420541853,0.6411909886376239,0.6162100419508088,0.7202867191590784,0.7287012142364013,0.7715818538537903,0.8509178412798885,0.7705014205037244,0.7209287689206834,0.805858219772758,0.7856221378493266
hand,0.8307481833451333,0.8215235886175214,0.855555485868473,0.7683975926287092,0.793601668119848,0.8004518726728459,0.8555233797360936,1.0,0.8535137393172695,0.8405339713697189,0.7098442120157119,0.7901195712286128,0.8209188964783476,0.7316459335946457,0.7994058789981561,0.8115859218440128,0.8408342014440128,0.766495367947679,0.7611511355390607,0.7198058819701668,0.8694962999799781,0.7665112397846858,0.8006533708024967,0.8786125531906154,0.8584658833262188,0.8353967071202477,0.820639119031142,0.8392876897931502,0.862953450369874,0.7956288528676339,0.7870093511820321,0.8160082840511512,0.8049971432676386,0.8547965319098683,0.7899234722205654,0.7826147456399247,0.7309728891040562,0.6642841339472323,0.8166340473275052,0.6736729926726523,0.8435386755150958,0.8309730869973785,0.8266315976892608,0.7928914737952544,0.7591506201413804,0.7869259831137334,0.8317577192259694,0.7628741204741067,0.8085115226290354,0.8159952279689577,0.6635132147761662,0.5786745046362892,0.7614367020370392,0.7317838388350915,0.8097543836374401,0.866747109137807,0.7591861895412003,0.7451350266013543,0.8091423081976987,0.7951056516244095
foot,0.8427563658213517,0.805060288299841,0.7691053905146162,0.7965332924470027,0.8121631778202242,0.7547151994591369,0.8466576197768835,0.8535137393172695,1.0,0.8023061293372991,0.7707949028583162,0.6695440138023228,0.8017249277627834,0.7517045786534446,0.8306144198732386,0.8074894824727954,0.8212225114893544,0.7889401677134251,0.7912280513964196,0.7357978300312383,0.8229978507459307,0.7609334347444462,0.8074708038299354,0.8661239421578211,0.7892373640054224,0.7866494724805739,0.7493406007255515,0.8343770908236233,0.853027210079872,0.776772771165875,0.7429057770131035,0.7178733457866538,0.8025862402484547,0.8280087834703624,0.7359134015089694,0.7342338068480934,0.7292927810954568,0.6906967929081699,0.7731283284510532,0.7108364074043328,0.8405495527423802,0.7501940130166224,0.8362033177426059,0.7169697594388798,0.7645405393857818,0.7868023047485436,0.8231996481146173,0.8187174974128939,0.8345696626431823,0.8115481668231753,0.6028077265022272,0.6308118682707786,0.7088526448419982,0.711087247044345,0.7638882491766396,0.8275311164301908,0.7205319359265696,0.676232650240997,0.8115095227746912,0.8219410019432926
eye,0.8451874756976328,0.8610347825975608,0.8239866453646315,0.7890453957427249,0.8231042144748524,0.7560925588109717,0.8193355947949077,0.8405339713697189,0.8023061293372991,1.0,0.822203825322227,0.824489167983197,0.8188436843042748,0.8002816855248162,0.8365069678797786,0.8649014261503233,0.8872974922182295,0.7980272811775077,0.798404676086957,0.7830269447061534,0.8178961092210746,0.8163922811561716,0.7847637655117831,0.8760456463434648,0.8355119715795994,0.8563924581134329,0.8505991770412121,0.872045953380634,0.8694799038689772,0.8758943639776511,0.7981699033221269,0.8075287477574978,0.8086941082748329,0.8742375332136355,0.8175398055017683,0.8044049648111478,0.7808743080845655,0.6273648129820341,0.8206135947088629,0.7311272296612981,0.8142548025726155,0.8175318381052143,0.8185285014942987,0.827717168002838,0.8054865234078061,0.7672437915946436,0.847610059597763,0.7360295200795098,0.8374044585521857,0.8177760478885436,0.6599921666021072,0.5825526156580472,0.8098606041360221,0.7666826683231944,0.8037817409474466,0.8736206258777527,0.8210500049457021,0.8618763224345093,0.8542256387613982,0.8446297144594397
apartment,0.7871225905363909,0.8212284871236929,0.7418486155858145,0.6958287804956431,0.7481703884170249,0.622035102081288,0.7161861779698783,0.7098442120157119,0.7707949028583162,0.822203825322227,1.0,0.6688362944345592,0.8313994193449301,0.831192935451216,0.833245022981685,0.8826086922379612,0.8385662737576255,0.7540883648787741,0.8344091392584209,0.8725003283903832,0.7726799206177495,0.7648838382593628,0.7069154744880201,0.7733155895306465,0.7037778856579416,0.7499949825891896,0.7710287821141663,0.8172737513685572,0.7998965565726284,0.8117133440045741,0.6767441813984143,0.7508259831530397,0.7286494863829198,0.8000486974891625,0.6723463711469996,0.6820179877744172,0.7033268149109815,0.7170507539121806,0.7092058324250655,0.7471413106397522,0.7363802867748681,0.7173154839687571,0.7606936528365336,0.7803655888615796,0.7030534260594151,0.6516514082861984,0.747934966077065,0.7182772293288331,0.7710107833134946,0.7044560230369055,0.6320540377253859,0.522992714312133,0.6671543277933846,0.6910693651223083,0.7009804414416354,0.7679129734977175,0.7952661617601376,0.7476733809730273,0.8028689982434039,0.8173612754735057
igloo,0.7604366212559517,0.804184304483488,0.8246764435708721,0.7032754274754601,0.7751091456215736,0.6842491606915005,0.7709042804004594,0.7901195712286128,0.6695440138023228,0.824489167983197,0.6688362944345592,1.0,0.8064976804316003,0.7231297845967088,0.7484904253773835,0.7423620440571932,0.8010293291317074,0.6504522481702704,0.6459126267775807,0.6493575114026502,0.8075112898229797,0.6932726133061731,0.7044807686925338,0.7765573460533153,0.8296253950284584,0.8516258436080429,0.829781380309212,0.7924255106966382,0.7798619391625002,0.8174868288899833,0.7912587289011251,0.8606585384563694,0.7688383698026833,0.7862857581373071,0.7819429557100379,0.8000232048623845,0.6798954285172577,0.571279775512019,0.8039630959597175,0.6071393364311922,0.7116267448849558,0.8035358504412115,0.7306301962098866,0.7985604790659643,0.7301467905819584,0.6933669943552876,0.7470376912542938,0.6423524984067359,0.7390585368627466,0.7733064204763244,0.6827225400517623,0.5566042004958143,0.7513831215438113,0.7457628383799831,0.7850939639841288,0.7901383259253545,0.7915961239228615,0.8058015545792447,0.7905184708172203,0.7008583981076373
barn,0.8222726429919532,0.8421546951781085,0.8280882740460065,0.7555033505695111,0.8239596880834495,0.7600790940847745,0.7982700464873957,0.8209188964783476,0.8017249277627834,0.8188436843042748,0.8313994193449301,0.8064976804316003,1.0,0.8811388261688646,0.8911579209204683,0.8354267645138853,0.8714213158677272,0.7804835297255901,0.8116257662472821,0.7911133019332228,0.8902039222957373,0.7114453748096293,0.7365914901495636,0.8514872060872305,0.8151492799478058,0.8487217335735102,0.8094577120141072,0.8454134514546555,0.8556733275617578,0.8281888753442709,0.7270773486586651,0.8478733683919607,0.7832382051434785,0.8127734791303968,0.7037111679010826,0.7121787446231512,0.7275406426551345,0.7577940558903423,0.7649675187713002,0.7102143118256328,0.8395613632714448,0.7668902833931602,0.8142172824193012,0.7986253577990472,0.7806865479916743,0.7005173724977835,0.7843388149114369,0.7197278306965871,0.7698761149510379,0.7354051823622645,0.7239549418245839,0.5766373251138738,0.6831114637637057,0.7348213712431395,0.7849999698055782,0.8254105157457973,0.8194974009346159,0.730934715604597,0.822265459117513,0.7946215636321904
house,0.8000417043932029,0.7964736594479392,0.771264118501618,0.7799576791953603,0.8017593215326385,0.7045154537200576,0.6961474529946797,0.7316459335946457,0.7517045786534446,0.8002816855248162,0.831192935451216,0.7231297845967088,0.8811388261688646,1.0,0.8912520415700498,0.7887776538777156,0.8257462679568236,0.7474227914158182,0.7996764904114052,0.7629695875950434,0.7771185419439992,0.7294739727036889,0.7388770147100142,0.7943268179229899,0.760917640426662,0.772357845308664,0.7302461454721798,0.8109226936240919,0.7760919630749019,0.784074685187772,0.7117455288419074,0.7565010951817669,0.7842677748992326,0.7732475299332453,0.6871482175853368,0.6395486351340071,0.7518479735432888,0.765942772371505,0.6512191577918238,0.7390201522292866,0.7775659107227093,0.7127155082042228,0.7720756025429689,0.7352013328424847,0.7767283830954465,0.6278968847818499,0.713257613907023,0.7028175004470997,0.7277201508978913,0.7084614989803718,0.6411434416742391,0.562763150422496,0.647973015658983,0.6801515166708482,0.720588786382078,0.7495662469734677,0.7800496490487187,0.7289944210773641,0.8190261119437289,0.7877331740728937
church,0.8227981401818325,0.8323111326400265,0.7900216681066266,0.7647471257219776,0.8256109180839605,0.7457754179814198,0.750346791603417,0.7994058789981561,0.8306144198732386,0.8365069678797786,0.833245022981685,0.7484904253773835,0.8911579209204683,0.8912520415700498,1.0,0.8316652723073479,0.8475139196055633,0.7920206120012094,0.817521937147418,0.797964896967276,0.8524158390885139,0.7458879129406575,0.7640254943843677,0.8363142798650371,0.8016442802970216,0.8207334058239184,0.7944175805283267,0.8480824201569258,0.8561979303278068,0.8216062859365281,0.7136535686436284,0.7807631451630956,0.7937535896787115,0.8130292797036177,0.7043079185374602,0.6872215053017315,0.7445319110545312,0.7616404202502416,0.7403414059181996,0.7167370705722541,0.8338976199686167,0.7434277348928386,0.8124797829273686,0.7886574781145658,0.7938819359657607,0.7047092745617658,0.7837956461045191,0.7688890060023255,0.7782545344981892,0.7550322085488012,0.6369437356395034,0.6010024457733374,0.6917571184132397,0.6906421378361152,0.7829823338880697,0.8100661460837394,0.7745812721848674,0.7300796258749164,0.8220464899175802,0.7898790092096738
door,0.8398018427424458,0.8671956324844595,0.8106540345946209,0.7278021247078307,0.8187995314665797,0.7126121605368896,0.7705703544806356,0.8115859218440128,0.8074894824727954,0.8649014261503233,0.8826086922379612,0.7423620440571932,0.8354267645138853,0.7887776538777156,0.8316652723073479,1.0,0.872711064777021,0.8133551447455882,0.8473048623829624,0.8319197812562007,0.8230088415148095,0.8275560202005817,0.7683444825351545,0.8512803658467959,0.7864374319889341,0.813741006867047,0.8445714791860297,0.854092708003292,0.8581871852774255,0.829739619624371,0.7365609874838593,0.817173065112059,0.795004820691119,0.8638621352479011,0.7562222409865482,0.752931595533204,0.8013059505249989,0.701287029407322,0.7647223277871994,0.7650339120620221,0.8103904329597724,0.7982969952358915,0.8158026031612076,0.8366175366598335,0.7428623915782298,0.7361694341744925,0.821261088930203,0.7721980424942788,0.8124088821891349,0.7478651734297571,0.6806318974445755,0.5439691027831123,0.750695871153837,0.749204331176676,0.7781532913877927,0.8455656826153224,0.816749853751062,0.8087468230282727,0.8339891897708676,0.8439842810754125
closet,0.8524562667233149,0.8425534183960126,0.8483455925199819,0.7826195085769176,0.8073316045207013,0.7940481746570843,0.8149993878476848,0.8408342014440128,0.8212225114893544,0.8872974922182295,0.8385662737576255,0.8010293291317074,0.8714213158677272,0.8257462679568236,0.8475139196055633,0.872711064777021,1.0,0.8365185389500612,0.846874553358772,0.7851671129977821,0.844049782607758,0.8240088595191292,0.7811839812262837,0.8742493268393291,0.7876287299017076,0.8761272761168335,0.8185080286183029,0.8711253905902313,0.8662813230029204,0.8812627918653312,0.7767916539084905,0.8106122928504254,0.7622719754874661,0.8893025748274708,0.7888614286825592,0.7609287504551207,0.7792522369122503,0.7312317159655454,0.7879511900594028,0.7678314744889709,0.8513349618233549,0.8213471537507114,0.8887754128648415,0.811007898165654,0.7682001315015166,0.7366101007958424,0.8469762782115015,0.777745134648033,0.8162983247074782,0.8094391067770171,0.65334191488204,0.5485867853654404,0.7653190425441885,0.752849191233809,0.7544468545641356,0.892797095595594,0.8424941409609084,0.8193630315180557,0.8455972104779456,0.8395508877023169
chimney,0.8190805873900545,0.7720580634471104,0.7277016555880811,0.7126158626315722,0.7682711000951414,0.7839689102822543,0.714356176979356,0.766495367947679,0.7889401677134251,0.7980272811775077,0.7540883648787741,0.6504522481702704,0.7804835297255901,0.7474227914158182,0.7920206120012094,0.8133551447455882,0.8365185389500612,1.0,0.8385862516712324,0.7519459477406263,0.7590076493124759,0.7946307477351863,0.7316435216848681,0.8156488152203604,0.7285403049522422,0.7980024669597813,0.7299265580040898,0.8342301511879816,0.8274410016064166,0.7712870643014358,0.6926148851013088,0.7129500285090378,0.7366199464136466,0.8201546133975481,0.7718240700804191,0.6625944706161738,0.7300621867715763,0.6757876895264925,0.6852391451450073,0.6974047013499364,0.8370906462055336,0.710035834356364,0.8558201980100004,0.7772998994558097,0.7668036901713409,0.7123926562470472,0.7724023237058224,0.7503872551689286,0.7232245577674764,0.7526932551211599,0.5739715755348945,0.5302984618611937,0.7283747233185383,0.6424436610991446,0.755500350925543,0.8136755219350671,0.7347487757027439,0.7303771244775183,0.7504650286426493,0.8012496689965038
window,0.8151236952442427,0.808101379738256,0.7534099188088821,0.7569207731355408,0.7317170514436957,0.7167269354483292,0.7051828689203561,0.7611511355390607,0.7912280513964196,0.798404676086957,0.8344091392584209,0.6459126267775807,0.8116257662472821,0.7996764904114052,0.817521937147418,0.8473048623829624,0.846874553358772,0.8385862516712324,1.0,0.8050486486652502,0.7708667924963016,0.7791345925287416,0.7464179327582018,0.8224944487401493,0.7344962373192074,0.7920606948338419,0.7647397548535285,0.8568793295733195,0.8271483424960692,0.7832524732428615,0.6586748550591828,0.7260733316544516,0.7336977587309447,0.814604370034443,0.7374265392417126,0.6857368039621613,0.7483260531304159,0.7554923569956862,0.715933040901403,0.7850274639622277,0.810966198896926,0.743577630793468,0.8148913814340843,0.7943630712477883,0.7432421524236555,0.6682595431489265,0.7784833950688445,0.8022097151442396,0.7597405728359288,0.7643035019704693,0.6476888495576313,0.579085195301263,0.7273487043131641,0.7218570249146016,0.7233617616789255,0.7936027305699949,0.7634479052377433,0.6947857346934727,0.7931460433183664,0.8066246090641717
arch,0.7515144488048977,0.7790967710816812,0.6951410614589341,0.6418532872122363,0.6948475783727364,0.6207669813345218,0.705742865307204,0.7198058819701668,0.7357978300312383,0.7830269447061534,0.8725003283903832,0.6493575114026502,0.7911133019332228,0.7629695875950434,0.797964896967276,0.8319197812562007,0.7851671129977821,0.7519459477406263,0.8050486486652502,1.0,0.7446788315733264,0.7258242103005376,0.7117039767967159,0.7659375120402783,0.7020503809287482,0.7415098827496042,0.792820863531879,0.8074553814016855,0.8034131693399912,0.8044614811988671,0.6404663180814756,0.7383069368373194,0.7082324387843355,0.7448061883057279,0.6800236349074544,0.7015783431991207,0.6956931086708777,0.665804668679079,0.6983618853815055,0.6987553023965277,0.6993648388371049,0.7116836631922363,0.72863484460163,0.8021425856066743,0.7047032632929174,0.6743132086079427,0.7424791274936484,0.6959249187013496,0.758386139311815,0.6914220712715384,0.666894792474101,0.528868515645842,0.690393711506341,0.6749323167170156,0.7411371865675486,0.7472525579378756,0.7488536199420559,0.755806411980458,0.799969437693579,0.8079035420538212
shirt,0.8374023167877441,0.8341750187492426,0.84814470489087,0.7376321022184645,0.8071768148685261,0.7622752625380008,0.8269825800139755,0.8694962999799781,0.8229978507459307,0.8178961092210746,0.7726799206177495,0.8075112898229797,0.8902039222957373,0.7771185419439992,0.8524158390885139,0.8230088415148095,0.844049782607758,0.7590076493124759,0.7708667924963016,0.7446788315733264,1.0,0.7327009736216563,0.7529468378381128,0.8576299674613544,0.8479360689425209,0.8676912874959255,0.8240956074289266,0.8337376494954035,0.8801894999917047,0.8229330797631764,0.753633133437993,0.8607449285507905,0.7975771419327647,0.8225936878467454,0.7299792321619787,0.7539500296877184,0.7007634028139218,0.7172756524761007,0.8226722202364559,0.6810618284152118,0.8568229196831715,0.8051776371284691,0.8323989187346886,0.8052820685567481,0.7521189025085885,0.7392241356742789,0.8214272910068622,0.7498282946497199,0.7785702842514297,0.789197133518015,0.7100825585404633,0.5843044130483765,0.7100808720609114,0.7437135055755211,0.8075808981810755,0.8497155528842248,0.7798157019540918,0.7107282849977454,0.8003124609299385,0.7790206377536177
pants,0.8535969793779027,0.7949883095249219,0.7888117027004138,0.7804200427686936,0.775233190670412,0.7603193167003588,0.7103248596325142,0.7665112397846858,0.7609334347444462,0.8163922811561716,0.7648838382593628,0.6932726133061731,0.7114453748096293,0.7294739727036889,0.7458879129406575,0.8275560202005817,0.8240088595191292,0.7946307477351863,0.7791345925287416,0.7258242103005376,0.7327009736216563,1.0,0.8159525797665732,0.8433319568761941,0.7568348535318536,0.7856402577158753,0.7884903367153482,0.8304952494332137,0.8050980146355997,0.7735305698280677,0.784031427497971,0.7256378115449408,0.7774903479991782,0.8651313875115028,0.8151424409494598,0.7662672658349443,0.8547152888696118,0.6639148919154142,0.7275175790854381,0.7555436378054662,0.7939857997061559,0.7699089415793086,0.8135821935199462,0.776847506609777,0.7113800946400477,0.7400459742208063,0.8063186049391805,0.7590983310106164,0.7773405894026384,0.7957456010534356,0.6050872836390406,0.5712076857207617,0.7628720020648584,0.7350789041206472,0.7223315409637661,0.8285099448922547,0.75611040097631,0.8147701898615429,0.8156572975132231,0.8283689797072894
skirt,0.816840641666234,0.7705340095071688,0.7799408883625938,0.8073705122984716,0.779459954102834,0.7348119088814258,0.7502908739705075,0.8006533708024967,0.8074708038299354,0.7847637655117831,0.7069154744880201,0.7044807686925338,0.7365914901495636,0.7388770147100142,0.7640254943843677,0.7683444825351545,0.7811839812262837,0.7316435216848681,0.7464179327582018,0.7117039767967159,0.7529468378381128,0.8159525797665732,1.0,0.8322573231528373,0.7947708766508237,0.7677335483645772,0.7538257725595525,0.8269730759436796,0.775652478959017,0.7401949658077237,0.7828251771852258,0.7264172852423609,0.8284176389765847,0.8174920648290089,0.7760066853525717,0.7358523160773888,0.7925811268308506,0.7159895796359755,0.7150748588118211,0.6966088814449006,0.7663134257025581,0.7849944203242276,0.8105836939371828,0.7491354626298781,0.7520798418705894,0.7357213705847531,0.7690953402955126,0.7781019939371137,0.7767517649295855,0.7893790518251679,0.6483158239864109,0.6416344946141512,0.7633892296630196,0.7062613171697053,0.7700037830618712,0.7975783670865104,0.715200620651575,0.7068358453391658,0.8028988274301776,0.8044693580337272
coat,0.8807493385412061,0.8418540307168322,0.8339695619234982,0.8671091755424157,0.8645513072303028,0.8206793507421865,0.8512279263791358,0.8786125531906154,0.8661239421578211,0.8760456463434648,0.7733155895306465,0.7765573460533153,0.8514872060872305,0.7943268179229899,0.8363142798650371,0.8512803658467959,0.8742493268393291,0.8156488152203604,0.8224944487401493,0.7659375120402783,0.8576299674613544,0.8433319568761941,0.8322573231528373,1.0,0.8707010200386347,0.8642573291401271,0.8303042808606107,0.884686482370772,0.8890678198026318,0.8379820520847641,0.8237748883843528,0.8138875553175906,0.8500981364586377,0.8836493288168323,0.822274836041759,0.7902384827923268,0.8215967589655306,0.6765773519240258,0.8076459250193355,0.7577005736759771,0.8708238321783957,0.8322059402385659,0.8589010108400389,0.8156114683871017,0.8240359787265581,0.7866265512250123,0.855469675847544,0.8005610976673548,0.8442717430424405,0.8318584352281193,0.7230810237745648,0.60993855371178,0.7956810282736868,0.768299775384447,0.8194330321639848,0.8890994700141244,0.7811523354882371,0.8040844790958466,0.8551570351724581,0.8815279727516889
dress,0.8567217925199423,0.840396560440388,0.8509639990223183,0.7795430977043569,0.8111435046478923,0.7974332564221263,0.7964237567702098,0.8584658833262188,0.7892373640054224,0.8355119715795994,0.7037778856579416,0.8296253950284584,0.8151492799478058,0.760917640426662,0.8016442802970216,0.7864374319889341,0.7876287299017076,0.7285403049522422,0.7344962373192074,0.7020503809287482,0.8479360689425209,0.7568348535318536,0.7947708766508237,0.8707010200386347,1.0,0.8453324275353792,0.8366040000970233,0.8461404967575782,0.8311195971411262,0.7855454696130671,0.7699944782183415,0.8104481182387596,0.8657207972802442,0.8349444932137187,0.788361046157876,0.8101452875407161,0.7548099812496971,0.6367818709537244,0.7985287522510963,0.6576161734339396,0.7999313476137442,0.7915136030027478,0.7685222585018517,0.8421884046037877,0.7681088988048375,0.7779223194712549,0.8207946219772744,0.7363822021000018,0.8143236930585268,0.8146138314653384,0.7374524310844311,0.6017179544066262,0.7690356549083112,0.7824234800856359,0.8664220321594956,0.8378239991363963,0.7098357931177728,0.7578928160327051,0.8157891261208815,0.8155331924324107
chair,0.8472269720356589,0.8135431634958641,0.8473255756161342,0.7695128478446815,0.7586304736402852,0.7918031638328692,0.8110949222504173,0.8353967071202477,0.7866494724805739,0.8563924581134329,0.7499949825891896,0.8516258436080429,0.8487217335735102,0.772357845308664,0.8207334058239184,0.813741006867047,0.8761272761168335,0.7980024669597813,0.7920606948338419,0.7415098827496042,0.8676912874959255,0.7856402577158753,0.7677335483645772,0.8642573291401271,0.8453324275353792,1.0,0.8633132142117477,0.863653053740396,0.867190426069889,0.8632714189767736,0.7651662542843528,0.8481535114139479,0.7737144702755587,0.8529398648382794,0.8211592821553414,0.794177769352203,0.7655985603678734,0.6781008013144141,0.8364371776781007,0.7158327383248443,0.8351145647696383,0.8172326502197954,0.8418986231755905,0.8315119433625247,0.8047398773033863,0.7523461480849053,0.8524527215146277,0.7489597752151558,0.7937701991565538,0.8192322436776518,0.7099797200705457,0.5798482129234408,0.7774071168356449,0.788595172791194,0.8057336720149533,0.8725392123193059,0.8027202454738976,0.8053889978067181,0.835211939575865,0.8141860621232365
dresser,0.8230440696660779,0.8392835849950969,0.7891196551251297,0.7131917125987937,0.7753114549590352,0.6690868734231562,0.7889511845720747,0.820639119031142,0.7493406007255515,0.8505991770412121,0.7710287821141663,0.829781380309212,0.8094577120141072,0.7302461454721798,0.7944175805283267,0.8445714791860297,0.8185080286183029,0.7299265580040898,0.7647397548535285,0.792820863531879,0.8240956074289266,0.7884903367153482,0.7538257725595525,0.8303042808606107,0.8366040000970233,0.8633132142117477,1.0,0.856572379414953,0.8740115963637665,0.8258750461140475,0.7198182949308262,0.8448216864110895,0.7903977324970682,0.8214364015583879,0.7811985366053148,0.8151849435337621,0.7833712873814378,0.6000235974669265,0.8284921844831042,0.6862348699873162,0.7702692029371178,0.7789326794820535,0.7401728129366432,0.8596707704017655,0.7548649202520064,0.7526780321319773,0.8301296323695924,0.7269001027113793,0.8169266890168235,0.7880433696090976,0.7456287357748744,0.6117688010267553,0.7879833510516048,0.8103275749973751,0.8262161377807912,0.8397101971473283,0.7813670838509801,0.8144126760392837,0.8526505006666736,0.7982518365362054
bed,0.8688518392104121,0.8814935895312124,0.8287681072715227,0.8148727266099233,0.8236355498425113,0.7710979657919227,0.8189387027893382,0.8392876897931502,0.8343770908236233,0.872045953380634,0.8172737513685572,0.7924255106966382,0.8454134514546555,0.8109226936240919,0.8480824201569258,0.854092708003292,0.8711253905902313,0.8342301511879816,0.8568793295733195,0.8074553814016855,0.8337376494954035,0.8304952494332137,0.8269730759436796,0.884686482370772,0.8461404967575782,0.863653053740396,0.856572379414953,1.0,0.883507506293146,0.8295954398136253,0.7748005439591154,0.8110553612211395,0.829302359657296,0.8668841411000741,0.8260620951663903,0.8065426972882707,0.7739228152790638,0.6746029106719034,0.8208655503344962,0.7377613512601573,0.8350742576129498,0.7935642146399691,0.8465039694515194,0.851034618225775,0.7742211474235658,0.7791759196217048,0.8307406939447918,0.8258900979004721,0.838499325274131,0.8408236696989728,0.6938347487950423,0.6217104653574731,0.7820784887007614,0.7827053519104374,0.8211242497668385,0.8817751375148174,0.8062217524718078,0.7958126687999008,0.8696421676971398,0.8469753329392107
table,0.8508154649021251,0.8491626851239638,0.8057232068965493,0.7647558124460401,0.8056805808912056,0.7746813287660285,0.8383953637029489,0.862953450369874,0.853027210079872,0.8694799038689772,0.7998965565726284,0.7798619391625002,0.8556733275617578,0.7760919630749019,0.8561979303278068,0.8581871852774255,0.8662813230029204,0.8274410016064166,0.8271483424960692,0.8034131693399912,0.8801894999917047,0.8050980146355997,0.775652478959017,0.8890678198026318,0.8311195971411262,0.867190426069889,0.8740115963637665,0.883507506293146,1.0,0.8538857422491523,0.7399045576271025,0.8146334050898744,0.7813033372056595,0.8409472993651914,0.7604188337347797,0.7948966932613185,0.7607795325892577,0.640705581602331,0.8375050519001691,0.7522319064646937,0.8660950181375185,0.7843890886084034,0.8324715214633877,0.8113830205789795,0.7543577231419554,0.7847885582893803,0.8728399994635518,0.77802752902041,0.8424293041857515,0.8168020793340047,0.6685794853824684,0.5898332656562185,0.7576109862423587,0.7522567070826343,0.8057567512232331,0.879669112629986,0.785819912813732,0.781407486767522,0.8390639054075004,0.8160351982891015
desk,0.8184525266157929,0.7900535098202657,0.7734621264745112,0.7182567281010439,0.7796626950798243,0.7111000786062546,0.8122667337717724,0.7956288528676339,0.776772771165875,0.8758943639776511,0.8117133440045741,0.8174868288899833,0.8281888753442709,0.784074685187772,0.8216062859365281,0.829739619624371,0.8812627918653312,0.7712870643014358,0.7832524732428615,0.8044614811988671,0.8229330797631764,0.7735305698280677,0.7401949658077237,0.8379820520847641,0.7855454696130671,0.8632714189767736,0.8258750461140475,0.8295954398136253,0.8538857422491523,1.0,0.7649187518133537,0.8015025602782584,0.74859801826081,0.8099408937014053,0.75114870673692,0.7529265103535032,0.7301957538561704,0.6452420091576179,0.796952779789863,0.7168337752475245,0.7919782802511848,0.8045556155959835,0.827680322744866,0.7996296376299542,0.7617861749008867,0.7127621786440795,0.8218308404412035,0.6970951401743701,0.7873658440864749,0.7870960110331463,0.6462367856326512,0.5438881439924274,0.771101608315846,0.7205554258317634,0.7733782132968114,0.8327223844413641,0.8004293732455368,0.8198226881613965,0.8307779948652377,0.8059196968001155
ant,0.7971702947067314,0.7760535569122383,0.825960422739617,0.8106686604130375,0.8204214454129058,0.7343105652797183,0.786863373334412,0.7870093511820321,0.7429057770131035,0.7981699033221269,0.6767441813984143,0.7912587289011251,0.7270773486586651,0.7117455288419074,0.7136535686436284,0.7365609874838593,0.7767916539084905,0.6926148851013088,0.6586748550591828,0.6404663180814756,0.753633133437993,0.784031427497971,0.7828251771852258,0.8237748883843528,0.7699944782183415,0.7651662542843528,0.7198182949308262,0.7748005439591154,0.7399045576271025,0.7649187518133537,1.0,0.7713830909526439,0.839493487819275,0.822271187252078,0.8368142274329575,0.7555774439197107,0.7436323122457588,0.6121948842677004,0.7253161092453122,0.6675936266022374,0.7336578925682564,0.8152640888523413,0.776538297119271,0.743451891363782,0.7632123949497734,0.7229557155231844,0.717218527726126,0.6748355467611185,0.7249333476905634,0.7872054120508524,0.6089377222531306,0.586166742957878,0.7258522331884534,0.7062249688600295,0.7440795055989091,0.7939920328678253,0.7745241320410294,0.8062049145411537,0.8071826900423243,0.7964685032030835
butterfly,0.8022030122996432,0.8303794397206676,0.8469752061870465,0.7001707858188899,0.7772736415997372,0.6850187598322083,0.7744646514254178,0.8160082840511512,0.7178733457866538,0.8075287477574978,0.7508259831530397,0.8606585384563694,0.8478733683919607,0.7565010951817669,0.7807631451630956,0.817173065112059,0.8106122928504254,0.7129500285090378,0.7260733316544516,0.7383069368373194,0.8607449285507905,0.7256378115449408,0.7264172852423609,0.8138875553175906,0.8104481182387596,0.8481535114139479,0.8448216864110895,0.8110553612211395,0.8146334050898744,0.8015025602782584,0.7713830909526439,1.0,0.7572217607734827,0.7976494345907588,0.7678531520834784,0.7768671725574986,0.7108562459112351,0.6652418002461657,0.785529941453275,0.6537272072780798,0.7751269882897243,0.8110260390594356,0.7758272779816636,0.8122996549108089,0.7303952291865693,0.7339905133031225,0.759001980016344,0.6920613488606004,0.766727897397499,0.7455259263090843,0.7313715015179663,0.5528631466682089,0.6961271294802573,0.7770218616281871,0.786529746509519,0.8163732080337069,0.7944272820895579,0.7829447788904932,0.7902850390068087,0.7609428861517102
fly,0.85291573494215,0.8440661655602348,0.8069218290763077,0.8292778180189462,0.8750158953355234,0.7219735535730206,0.7812323964697103,0.8049971432676386,0.8025862402484547,0.8086941082748329,0.7286494863829198,0.7688383698026833,0.7832382051434785,0.7842677748992326,0.7937535896787115,0.795004820691119,0.7622719754874661,0.7366199464136466,0.7336977587309447,0.7082324387843355,0.7975771419327647,0.7774903479991782,0.8284176389765847,0.8500981364586377,0.8657207972802442,0.7737144702755587,0.7903977324970682,0.829302359657296,0.7813033372056595,0.74859801826081,0.839493487819275,0.7572217607734827,1.0,0.8458044998402753,0.817955572614337,0.7755858618320869,0.8030990236206507,0.6622764886847036,0.7534736616069451,0.696896919610192,0.7606170882603915,0.7844526062726105,0.7595028766142594,0.8284416372158109,0.7983105603260514,0.7806295157637883,0.7628778114040182,0.7698384612381389,0.814678071117939,0.8089552252342687,0.716003357035235,0.6864984656215127,0.7747982993090763,0.7724580443282051,0.8516286865582111,0.8072952182449871,0.7247849757291914,0.7477520009501286,0.8624381907285981,0.8560860921005211
bee,0.8924504709994633,0.8793837807254622,0.8652097940431548,0.8156869079522754,0.8462880346808445,0.803590473093853,0.8040970047800166,0.8547965319098683,0.8280087834703624,0.8742375332136355,0.8000486974891625,0.7862857581373071,0.8127734791303968,0.7732475299332453,0.8130292797036177,0.8638621352479011,0.8893025748274708,0.8201546133975481,0.814604370034443,0.7448061883057279,0.8225936878467454,0.8651313875115028,0.8174920648290089,0.8836493288168323,0.8349444932137187,0.8529398648382794,0.8214364015583879,0.8668841411000741,0.8409472993651914,0.8099408937014053,0.822271187252078,0.7976494345907588,0.8458044998402753,1.0,0.8619484465221046,0.8115740640819779,0.808956297537465,0.6946443849198454,0.8254960801994116,0.7497039718561193,0.8516910955407443,0.8210369048109838,0.8631412171460078,0.8402905224996471,0.7733193561000625,0.7998845074899703,0.8621712321727836,0.8054026518296722,0.8211462874012243,0.8432662286702717,0.7001605381269241,0.6185443885993576,0.7936083258029614,0.798133280447971,0.8213501142038462,0.8956967820070922,0.8111478339900432,0.8186973328746647,0.8493537156416539,0.8643520900903644
beetle,0.8310535685778174,0.8014757633948104,0.8160895076968642,0.7870585296813305,0.7754329559548876,0.7327141318849814,0.7488388102170652,0.7899234722205654,0.7359134015089694,0.8175398055017683,0.6723463711469996,0.7819429557100379,0.7037111679010826,0.6871482175853368,0.7043079185374602,0.7562222409865482,0.7888614286825592,0.7718240700804191,0.7374265392417126,0.6800236349074544,0.7299792321619787,0.8151424409494598,0.7760066853525717,0.822274836041759,0.788361046157876,0.8211592821553414,0.7811985366053148,0.8260620951663903,0.7604188337347797,0.75114870673692,0.8368142274329575,0.7678531520834784,0.817955572614337,0.8619484465221046,1.0,0.7904071848767897,0.766015923390153,0.593280844469611,0.7818562451715387,0.6588352783005186,0.7386055847070337,0.8016472930445768,0.7698464415858188,0.8090772118350421,0.7606327809429362,0.7543064184067975,0.7582565155676925,0.7148506837626533,0.7581713324081181,0.8071451892297005,0.6654920453102297,0.6130930099233003,0.7594516257405973,0.772143904047214,0.7637191964074083,0.826495902724054,0.7489938739958513,0.8238761059098515,0.8323639461954596,0.8340003678015694
