term,horse,bear,cat,dog,cow,leg,arm,hand,foot,eye,apartment,igloo,barn,house,church,door,closet,chimney,window,arch,shirt,pants,skirt,coat,dress,chair,dresser,bed,table,desk,ant,butterfly,fly,bee,beetle,knife,bottle,glass,spoon,cup,telephone,key,watch,refrigerator,bell,screwdriver,chisel,pliers,saw,hammer,tomato,celery,corn,carrot,lettuce,bicycle,car,train,truck,airplane
horse,1.0,0.51105068380097,0.6837681637604016,0.6623640264998497,0.5508122357529478,0.5819884571541861,0.016765286787208216,0.31871914556766073,0.6301334882812316,0.6381183873179981,0.6796974003065893,-0.022128905954992,0.6877857327918353,-0.039812668164748065,0.7383591013346473,0.4822490851666498,0.660479534907116,0.7166625580703941,0.7899544358983926,0.8268883170816033,0.837816241231818,0.5156015597906144,0.6444739143878667,0.7927614770847068,0.7019910892898447,0.7701789356360423,0.5545285355349183,0.22448916845439648,0.694968802976475,0.4535788860296974,0.44112190108510835,0.38076282111211246,-0.1730282390464317,0.3311235144119102,0.6144549715398073,0.33257537629586825,0.7231204634494706,0.5943401895187518,0.5971572041379171,0.6557208477839018,0.5984180037102185,0.7082277527314038,0.5593726743688552,0.6965307632038481,0.8342154031149392,0.3622848788017665,0.6914961886835754,0.4322002730184659,0.6141394667958987,0.6207444552941978,0.5872999460836473,0.27092519491405237,0.5248148133031629,-0.09801298840327176,0.16995070181148347,0.771666281590289,0.7155074775947913,0.7007318887738649,0.6961364590402138,0.7660552907546889
bear,0.51105068380097,1.0,0.49371537698059587,0.47680308472523836,0.5182015469352692,0.5693529533506472,0.3234174084622713,0.3179131962644626,0.4732322198819119,0.4049023133770549,0.5590868669238612,0.19196489482512974,0.673407633273704,0.4198542649713491,0.6261392946561818,0.5699298838981046,0.49519138191181233,0.521378178387003,0.548947421126504,0.5210444855021292,0.46800848896008057,0.46504769037953747,0.1586003970693203,0.5189040493401624,0.46748985740520516,0.39170640944549023,0.6034859426644741,0.5224548741730675,0.35626728792089707,0.4212970156259375,0.5254434616145691,0.20682430555402942,0.0209691493455811,0.47707401828542784,0.43006139948118793,0.5159374352193523,0.5305219292075396,0.6019090422991832,0.49123119905110557,0.401611573081874,0.43911737007703566,0.481287411502827,0.5139074501964337,0.62141256581248,0.4606894749384351,0.6205569102554775,0.46763342326141294,0.39293460869910274,0.5023569710769924,0.5072867654581037,0.3925286790456799,0.20289366831647748,0.5461374511884015,0.21454620181119943,0.4879859836261135,0.5862070951084158,0.5920325653119703,0.5300521714382588,0.6191828955451792,0.2908211925761328
cat,0.6837681637604016,0.49371537698059587,1.0,0.6642955900668529,0.6607829491587561,0.7582935870985705,0.2687224156270758,0.46672980557014254,0.7002043011574799,0.725312978135522,0.6570277498765619,0.16471089377811907,0.5728346436652099,-0.04832443726059029,0.6124238826896582,0.42076777174533353,0.5966874995301822,0.6655550639028521,0.7633255853137163,0.6697536591386423,0.713193028562752,0.7064138127555543,0.6675706017281492,0.8279906253791082,0.7529259112618064,0.7781436676742833,0.5213362479578209,0.35483732280544417,0.756502055420272,0.4966228491104793,0.48442128295252235,0.5153304241495279,0.11349541777120904,0.5677916304153827,0.7703424870822797,0.3805231635876825,0.7171807033065658,0.7056978656778385,0.48995497431608853,0.6037148572414401,0.7637095576695123,0.6178637374358511,0.5838402984226487,0.7471899031963894,0.7615669759655862,0.46438187121723634,0.789208964844483,0.6136563370891553,0.6584279257268282,0.6540472881528202,0.6954018790230772,0.3224601730139488,0.6491995834184332,0.03970787484078628,0.17818814455616114,0.7524985097623456,0.562952173651844,0.723744348191121,0.5707896898872142,0.6732227122393464
dog,0.6623640264998497,0.47680308472523836,0.6642955900668529,1.0,0.7077922256823229,0.6888717844419456,0.4742213383901356,0.5605646388478022,0.6776884291272005,0.5638844911609824,0.5867564711032961,0.22162449165836487,0.6107008935543274,0.08779534573082025,0.5706618092039213,0.540417764794943,0.608942557912712,0.5825192701582408,0.6612209902899248,0.552336013767903,0.6137664067607336,0.6329837872973479,0.4568172755488598,0.6867859740850162,0.7223125728948855,0.6615933289061494,0.7136920038361564,0.5008211319636995,0.5909933575163396,0.5395870305192898,0.5657265071819726,0.4799568835181843,0.07658246061289542,0.4890020805796905,0.7292979309263957,0.500786701441014,0.5955924908976272,0.5936259034597446,0.4859375799526262,0.5846842786695863,0.6551589111513613,0.5937048922127768,0.6818140175016371,0.6151923137452616,0.5792450551711649,0.4801172587217262,0.6636167901614248,0.5391199535200653,0.6347249835512315,0.6862681416400497,0.542820200031304,0.41530146071913354,0.6873477340288666,0.30857234614504353,0.38352723385874254,0.7533384848771838,0.5963572969219876,0.6445846497541311,0.6575062271926442,0.6059442682799455
cow,0.5508122357529478,0.5182015469352692,0.6607829491587561,0.7077922256823229,1.0,0.647008176749974,0.46925737246563337,0.5587046771453659,0.7164547567091977,0.5608123249171516,0.5356396798208143,0.19335502402015028,0.5143429084194797,0.13449144249994457,0.5230009411435049,0.4752377878011821,0.5097336994972117,0.5461005888388492,0.6139317122849948,0.4727322897277464,0.5505017342535736,0.6015829099141299,0.45895769614054077,0.6886407409897712,0.650760779839304,0.568966665562959,0.6543611496897366,0.5728358978263748,0.5763355462667229,0.5541059448910058,0.518136785695475,0.5361799025869584,0.20526265363589907,0.503531944870697,0.6465745513508718,0.4652092560506872,0.5689378834737814,0.621549808503577,0.5873352639560656,0.48733517742257987,0.6147888959375086,0.48012038333837775,0.6200422694741752,0.6241969962354179,0.5260842673820955,0.5347070660006709,0.6327672843270612,0.6414150383513284,0.610224742768723,0.6023550928571582,0.537197893339095,0.4530886914846692,0.6960339981224037,0.30026837024431585,0.3985410889110064,0.699279245877971,0.49207153399802606,0.5823615059496654,0.5838436370909347,0.5830721523663912
leg,0.5819884571541861,0.5693529533506472,0.7582935870985705,0.6888717844419456,0.647008176749974,1.0,0.46466439442148355,0.45242876505282675,0.6845906804918135,0.6497998653076283,0.6826300691789771,0.24840526802095628,0.6086635662760205,0.10378323742569645,0.6624523006389473,0.5116354571730484,0.6121341041771666,0.5616342847024979,0.715480463198666,0.5694688118228654,0.6045952018632506,0.6392749904685658,0.48003621594266266,0.7403728974481085,0.694110196677921,0.6711834960604396,0.6702302401933292,0.5224597002070186,0.6499352153290584,0.6804128286257333,0.4708990485673779,0.5413344883425234,0.155120472545198,0.563707387051206,0.6633288901306141,0.46568788813931006,0.5896128133747495,0.75880531963698,0.5420386801067909,0.6021003968700765,0.6980144533022645,0.5367411241288373,0.6392767633918686,0.7216206665186117,0.6181119304638723,0.5347198079812675,0.6845392684592024,0.6356745283306598,0.6069858525906251,0.6687921641323058,0.6162702210751841,0.4373374682280515,0.7233842852178358,0.28634542570694255,0.40004234623064655,0.7326740055788247,0.5860044548925731,0.6346839225939085,0.639055090324497,0.6096094789622656
arm,0.016765286787208216,0.3234174084622713,0.2687224156270758,0.4742213383901356,0.46925737246563337,0.46466439442148355,1.0,0.605861132099652,0.4344567512123125,0.16384936478203918,0.13999466655078802,0.5019629301342853,0.2887010081660127,0.32798599478323365,0.09168459516000478,0.38927742884032696,0.21805130809036666,0.13321153306612166,0.17118975239865755,-0.09408375080103001,-0.007265046359736412,0.33483092924187324,-0.09497101450132454,0.20873801569969846,0.3728545427943363,0.11417526965554879,0.6192959256560019,0.7332633206072726,0.1717921509035492,0.5037852347380798,0.43069297520523203,0.35214631535559276,0.3875527322133204,0.369364912028679,0.41673315074389317,0.5194477328574976,0.1252214125366016,0.3090660263438928,0.2723361431750441,0.10182480446998936,0.32524936409447247,0.0768386202951431,0.5558322472175742,0.26000508859351296,-0.0539390784692639,0.4234584316084756,0.20730422972538062,0.3677347413783959,0.23992168097498637,0.3551037077788852,0.25358545109913655,0.34228620574960994,0.5899637120002885,0.6346946382493792,0.4964746825986774,0.32033562687037537,0.1740030616642298,0.1981131804625617,0.34955438638929714,0.07283560565375381
hand,0.31871914556766073,0.3179131962644626,0.46672980557014254,0.5605646388478022,0.5587046771453659,0.45242876505282675,0.605861132099652,1.0,0.49352769323999784,0.2965481733895751,0.20560630848474604,0.43888544017783626,0.3614885678408127,0.1654144572636753,0.14512318118070447,0.35725403377275305,0.37195829087355375,0.3112321237377353,0.3135834469356653,0.14289133031659831,0.21475172793090055,0.4255139367033491,0.23987881006565598,0.41210763667318956,0.5317279554492219,0.2950644679613402,0.5599499700497161,0.5659866701991556,0.4396108577951864,0.4350959372192393,0.463073524792742,0.43051773155727135,0.3077584473670973,0.4318410462607986,0.5948609065964958,0.44626565311863925,0.3539322722393352,0.3049243060959199,0.4368297734320181,0.2550345475963832,0.4306929112518371,0.26261585687178013,0.5254148231338243,0.36864979586023183,0.21805203552510785,0.3769744223216184,0.44522444140700795,0.41531637848638053,0.3538036669873415,0.46474853935033433,0.5059501043682418,0.3626735860182279,0.5917315605457778,0.45907924767062697,0.24433423220369588,0.45277883819317155,0.25908065281472875,0.38970567269979794,0.4069314558958962,0.32908442924248005
foot,0.6301334882812316,0.4732322198819119,0.7002043011574799,0.6776884291272005,0.7164547567091977,0.6845906804918135,0.4344567512123125,0.49352769323999784,1.0,0.6968132947968968,0.5297213047243051,0.14377354897761757,0.48353139394726397,-0.05050079904019541,0.563261029292514,0.3406546473845113,0.4655689343674007,0.613986103938553,0.658682498664729,0.5554161594191629,0.6893132332557058,0.6219352236384623,0.6215433260931076,0.7570794410079933,0.6641496494184457,0.7047006590953343,0.6456684093160382,0.5136718831611872,0.7398131448736999,0.6431024927400201,0.5749028538339158,0.6705266872256415,0.3532212058287059,0.4540768925284392,0.6760003592041348,0.33596710701276716,0.5774133917300952,0.6936892941001879,0.5932753781931992,0.5139127713689685,0.7395081045867782,0.42471419170285357,0.5795957174234057,0.7403087962003816,0.5914862264747206,0.4914642409960245,0.6448987770931356,0.7014599411034728,0.7034262087592539,0.6302622932144099,0.6043972141643048,0.522350037047209,0.7224577956250805,0.19554442946757616,0.3054279699428053,0.7324302730279997,0.4968494811560546,0.6092483388702226,0.5947807405739893,0.7067577547032196
eye,0.6381183873179981,0.4049023133770549,0.725312978135522,0.5638844911609824,0.5608123249171516,0.6497998653076283,0.16384936478203918,0.2965481733895751,0.6968132947968968,1.0,0.682417623790874,0.12182231229119543,0.4748661614314329,-0.20391186758255184,0.6498756698070499,0.28060869464973914,0.5389956173793682,0.705843823692778,0.6775268573774545,0.7182861431642863,0.72888395713347,0.6626839770696834,0.6819320175479731,0.7522157162058309,0.6345266082368064,0.80246950479719,0.41352837696166256,0.25538338831721663,0.7301329838818824,0.5330712280606673,0.40995947348575706,0.4969320298527603,0.16968730904227536,0.4475424832708286,0.6782877309610834,0.21675291486534512,0.5982661577734226,0.6785554084423284,0.4477925281141025,0.6131171719876793,0.7290997436221802,0.530850069603725,0.5098374810554113,0.6681500781359861,0.7177942274294197,0.4714278948425492,0.6643958932393118,0.5685668978785535,0.6730578230364473,0.6167150773001271,0.5646307919686272,0.4021064365757592,0.5109229858962002,-0.02144679359798927,0.08988959913695287,0.6548717731517459,0.5691018590798548,0.7147509304252266,0.617446104585351,0.691538308262336
apartment,0.6796974003065893,0.5590868669238612,0.6570277498765619,0.5867564711032961,0.5356396798208143,0.6826300691789771,0.13999466655078802,0.20560630848474604,0.5297213047243051,0.682417623790874,1.0,0.13145981109938118,0.6801059747067009,0.09938331463405176,0.8256563278985334,0.6119199126852582,0.753104211578616,0.7293199643473024,0.7760748725097386,0.7982382486140784,0.6933751440073835,0.6504938527203069,0.4590841380137388,0.7376104899391165,0.7087896056182206,0.7360873678645893,0.5794497767884843,0.34138764291428,0.6044955901638919,0.4591973461193976,0.31777876606627126,0.31915551493640115,-0.16107518029204895,0.43396247680910977,0.567947141892154,0.4486527308718135,0.6607993376490756,0.7121318639445829,0.4579416601011268,0.6754983210003681,0.5996303759902543,0.7528609283412105,0.5793786140069541,0.6692354544144595,0.7826411550289484,0.4963899273242706,0.6994231082967857,0.46688562874074496,0.5917569196059824,0.6751475604325461,0.4698048986306718,0.19104813961960415,0.5653634377812251,0.0645019256009494,0.311724963481166,0.7378155270067949,0.7409399919118969,0.7493049928320596,0.7264388870308954,0.6323242105105856
igloo,-0.022128905954992,0.19196489482512974,0.16471089377811907,0.22162449165836487,0.19335502402015028,0.24840526802095628,0.5019629301342853,0.43888544017783626,0.14377354897761757,0.12182231229119543,0.13145981109938118,1.0,0.3003123918719679,0.2555835591084897,0.009937979277437706,0.3309170317681158,0.31322151361755884,0.17156707764730578,0.0726559204585262,-0.08828004069411358,-0.1063446220358251,0.14618223520118548,-0.16555270974563585,0.03399335697131298,0.23883163178087014,0.09063725821615241,0.2876605284546195,0.5145101100182545,0.12441413053720696,0.326637621164399,0.14278015258961552,0.07346469594122008,0.21474872001999495,0.33119145152847235,0.3397048209529719,0.32675507854837543,0.07173928443050784,0.03723971834594972,0.08493997870349874,0.03820574344598044,0.2514561379333744,0.10478784637711333,0.38973134678321536,0.12799909032777806,-0.03494659570661498,0.22916340599242185,0.21944435993052575,0.1050479465468206,0.01874332797409649,0.1847993616668306,0.25548480080601516,0.21573580254628696,0.31794080300178124,0.4916518406456147,0.19731036260660878,0.12745146477450306,0.10575091346411944,0.28674266076006905,0.24068522392784034,-0.03863140226305064
barn,0.6877857327918353,0.673407633273704,0.5728346436652099,0.6107008935543274,0.5143429084194797,0.6086635662760205,0.2887010081660127,0.3614885678408127,0.48353139394726397,0.4748661614314329,0.6801059747067009,0.3003123918719679,1.0,0.3061196918548163,0.7282654601765536,0.7417507773479758,0.6929718244423708,0.6670572827379658,0.5818951299794806,0.6713352715463886,0.6047077769538552,0.4687051895401965,0.21202866729492809,0.5828382022091241,0.6548252481766937,0.5847672042118782,0.7268352152195305,0.5170649613106902,0.4525683706236668,0.47550063499937223,0.5539379850222448,0.19463096471790653,-0.17521208445365813,0.4043511874074826,0.5698103292758735,0.5052973609413189,0.6377057535829849,0.5631081962508817,0.5140933985120713,0.48578863526396804,0.5441976858779389,0.699622993606328,0.6659132710685506,0.6154196593296246,0.6340671579470218,0.4983374844386054,0.5371627409038805,0.3269563459319558,0.45362484293086114,0.5411952972861509,0.48014750164170195,0.2783119227988881,0.5511432165271617,0.17113698698101748,0.4016858955202379,0.697817556087259,0.7336932771207472,0.6964823524128083,0.7861825217145187,0.4386106509056342
house,-0.039812668164748065,0.4198542649713491,-0.04832443726059029,0.08779534573082025,0.13449144249994457,0.10378323742569645,0.32798599478323365,0.1654144572636753,-0.05050079904019541,-0.20391186758255184,0.09938331463405176,0.2555835591084897,0.3061196918548163,1.0,0.13818572587655142,0.4068283052862009,0.09287100641801442,0.0014814021592293879,0.009061486198642279,-0.12254888839904825,-0.14643330050528985,0.07712970275898456,-0.4328917061117832,-0.05626336105975379,0.036744553473062935,-0.2289554570333081,0.3634602801338354,0.49190849175871415,-0.1962348415218583,0.07145850689132763,0.23379354105120848,-0.0919497082337859,-0.03671418609866663,0.24399678868161523,-0.06866869587502404,0.45447489857820406,0.05540447168817518,0.1536259131348777,0.14522744714746483,-0.04198091182946432,-0.13178146310863526,0.05794289380435955,0.16966507450673,0.061769989959492615,-0.1118029672554884,0.29829223619309625,-0.06551177020000853,-0.000520037837378614,0.05635706981720225,0.10216766569070783,-0.11939737343266613,-0.05266439734475616,0.23749972879209247,0.3155719124237529,0.547590026827505,0.11147428990708758,0.140151781907795,-0.04717861484553634,0.2058016397216243,-0.25582698284877115
church,0.7383591013346473,0.6261392946561818,0.6124238826896582,0.5706618092039213,0.5230009411435049,0.6624523006389473,0.09168459516000478,0.14512318118070447,0.563261029292514,0.6498756698070499,0.8256563278985334,0.009937979277437706,0.7282654601765536,0.13818572587655142,1.0,0.5953487091700429,0.7071513166935213,0.6881680048015024,0.7635200571977798,0.8247705380455713,0.7318304154407851,0.5691073181472288,0.4321473569496113,0.7105891327247847,0.6582013954662826,0.6885121398222789,0.5644493838075092,0.3447943397909806,0.554140367064585,0.4944307458833393,0.3660722730954046,0.31306325862527934,-0.16092530536454558,0.3798679368106944,0.48138096655411095,0.3961933827164424,0.6542326782809496,0.7068171000382093,0.5152838988663241,0.6466472902578375,0.5607531484212344,0.6787935424902263,0.5376678002797005,0.7049564206548969,0.7764379664711009,0.4722214371866922,0.5978105704385903,0.44851635799423084,0.5802092734920079,0.5814494025337444,0.40842618957918925,0.2633419390983245,0.5236932940261735,-0.0038360568560606902,0.35006756017939844,0.7110207581244258,0.7488056919960623,0.6815809079941841,0.735452206734074,0.5993741271235127
door,0.4822490851666498,0.5699298838981046,0.42076777174533353,0.540417764794943,0.4752377878011821,0.5116354571730484,0.38927742884032696,0.35725403377275305,0.3406546473845113,0.28060869464973914,0.6119199126852582,0.3309170317681158,0.7417507773479758,0.4068283052862009,0.5953487091700429,1.0,0.6459784184256937,0.5132751067852338,0.5347359566466096,0.47180325413035873,0.33140401016008947,0.45139326607939545,0.04719247313460417,0.4194866592820818,0.5923520494928941,0.38301072020191773,0.7518120160053398,0.5922583401863373,0.2700286472038939,0.37431097582942613,0.4153621345569489,0.05088097267497168,-0.3125152864641384,0.34199648883086825,0.4659221142312657,0.6262341125980895,0.5150612521924125,0.4517155515834353,0.3320919822344413,0.4388916373969163,0.3386616337994927,0.6994674331890272,0.7067567988691054,0.45869694002828576,0.4514634814214306,0.4839739387364433,0.5030264857040248,0.2339559701584402,0.3041081995634268,0.5363903653587265,0.2436989838327933,0.09390436564155524,0.5478312423323629,0.3583916794717794,0.5100029138397155,0.5657251792149038,0.6182935230782067,0.5435742748140019,0.6379754726160697,0.22477538147920298
closet,0.660479534907116,0.49519138191181233,0.5966874995301822,0.608942557912712,0.5097336994972117,0.6121341041771666,0.21805130809036666,0.37195829087355375,0.4655689343674007,0.5389956173793682,0.753104211578616,0.31322151361755884,0.6929718244423708,0.09287100641801442,0.7071513166935213,0.6459784184256937,1.0,0.6402235517443547,0.7067503070214812,0.6545022729625395,0.5647462540497488,0.580124885144769,0.40316239788568586,0.6363587237156099,0.7282741232357819,0.6343189241167825,0.5826577235528357,0.39912526977740365,0.5625021163172871,0.501229852661127,0.2729239899720594,0.32353313190543637,-0.14076876810231156,0.4123260309929541,0.5964123385779366,0.4888651983283191,0.5867954549543324,0.5112617868917445,0.43937136036808283,0.6454941713962766,0.5558364075423118,0.7057601272223182,0.6435628814298111,0.5965845944249917,0.6841775947035432,0.35345932064974106,0.6575044970315289,0.33518298521120615,0.4325927465426959,0.5899357145439541,0.5481788728691533,0.2627461923045734,0.5310762822570613,0.22580783395646423,0.24168426633987453,0.673288249241985,0.677519310984341,0.755419628014672,0.6743724033700418,0.5792536977105985
chimney,0.7166625580703941,0.521378178387003,0.6655550639028521,0.5825192701582408,0.5461005888388492,0.5616342847024979,0.13321153306612166,0.3112321237377353,0.613986103938553,0.705843823692778,0.7293199643473024,0.17156707764730578,0.6670572827379658,0.0014814021592293879,0.6881680048015024,0.5132751067852338,0.6402235517443547,1.0,0.6858943778460768,0.7768900747042279,0.7492363173167743,0.6684721555587635,0.5132006581855437,0.7382857926251098,0.7290456233993784,0.7629435301589454,0.5351607824877834,0.31704444716932834,0.5973012239494033,0.3598652399176938,0.5061925047916898,0.24085824818106505,-0.08240659057369928,0.44981937469652516,0.6010282974242998,0.4277358646504742,0.6877906103866218,0.6283659175651827,0.44179608193709197,0.6241458653683833,0.6154285641633725,0.7108429060979757,0.5597971999789578,0.6728545038942964,0.7696974308802728,0.46320639360070126,0.6807534676365552,0.42766040957678375,0.6628481588707231,0.6980979220272354,0.5523666735996845,0.1580085164218007,0.5335521742703248,-0.0035219081361464893,0.17719400861121354,0.7489211064740366,0.6365813412522129,0.7696619104585518,0.6925357472711198,0.6263424307373973
window,0.7899544358983926,0.548947421126504,0.7633255853137163,0.6612209902899248,0.6139317122849948,0.715480463198666,0.17118975239865755,0.3135834469356653,0.658682498664729,0.6775268573774545,0.7760748725097386,0.0726559204585262,0.5818951299794806,0.009061486198642279,0.7635200571977798,0.5347359566466096,0.7067503070214812,0.6858943778460768,1.0,0.7491454348689621,0.7370733562822784,0.6780649884864761,0.6214918590030091,0.8192165402395784,0.7379282274337903,0.7698494183960131,0.5780952103764153,0.3291799074991945,0.7135841019851044,0.474556176258794,0.3692387446178514,0.4395744451829325,-0.09836998616486384,0.46929312890787017,0.6327087866664854,0.43922503070001584,0.6696536746566512,0.7188344321163165,0.5037147642621811,0.6760977000904242,0.6474183935610943,0.7125823827333501,0.5854474737636158,0.7578142883218332,0.8054789303892845,0.452006657504377,0.8091587445225108,0.5193771359610533,0.6922760103343552,0.7209863516570826,0.5588424867652771,0.22873164967597906,0.6552649592155543,0.03614343679486486,0.3172839807144996,0.7962650895532358,0.6501929876597293,0.7266349528824546,0.6234644625085103,0.6951316993436271
arch,0.8268883170816033,0.5210444855021292,0.6697536591386423,0.552336013767903,0.4727322897277464,0.5694688118228654,-0.09408375080103001,0.14289133031659831,0.5554161594191629,0.7182861431642863,0.7982382486140784,-0.08828004069411358,0.6713352715463886,-0.12254888839904825,0.8247705380455713,0.47180325413035873,0.6545022729625395,0.7768900747042279,0.7491454348689621,1.0,0.8626318342245953,0.6030439470175223,0.6374572479626732,0.762044468088405,0.6741689225866745,0.7945718533415901,0.4563547745134567,0.12703385269389433,0.6644413974707666,0.3803121464986283,0.39619793650215945,0.2864361826489539,-0.1968735611528088,0.3153119338918196,0.5425156922751188,0.29425038171631146,0.7221946520425231,0.6601395163875065,0.5008324802587919,0.6945026743990454,0.5899196354472174,0.7450875287308425,0.49719264773866517,0.706858139461683,0.8618458298907132,0.4234444101292546,0.680949246646626,0.45609634180591546,0.6129831928122502,0.6211440463570523,0.5348162259378818,0.192601507018156,0.4418745075669946,-0.16089380180658527,0.15142074739413997,0.7164230926150381,0.7726302892860484,0.7184901124266019,0.7056884069852505,0.7065994318154764
shirt,0.837816241231818,0.46800848896008057,0.713193028562752,0.6137664067607336,0.5505017342535736,0.6045952018632506,-0.007265046359736412,0.21475172793090055,0.6893132332557058,0.72888395713347,0.6933751440073835,-0.1063446220358251,0.6047077769538552,-0.14643330050528985,0.7318304154407851,0.33140401016008947,0.5647462540497488,0.7492363173167743,0.7370733562822784,0.8626318342245953,1.0,0.5970831875284819,0.7168348321035778,0.8338315708551722,0.6729317200645748,0.846866501055181,0.4726796397611786,0.1410712716772199,0.7480690254940773,0.4373995114003217,0.49969688150537805,0.4259961273028826,-0.04206918461160867,0.3336146058265866,0.5758748753710512,0.22481855352872845,0.7152759965478762,0.6811749087950796,0.5812970362811894,0.6356154328831947,0.6424473299127575,0.6501518233016977,0.4606564984849451,0.725207379117912,0.8517480019746366,0.3478189478882501,0.6641946875702233,0.5640938044877513,0.719526229764934,0.6464216640330442,0.5895855117213862,0.33668392553563276,0.4642617908020666,-0.193660125301855,0.13003192828541235,0.7577688072183516,0.6620232802712636,0.6763556026930909,0.6568980402691955,0.8051730630963158
pants,0.5156015597906144,0.46504769037953747,0.7064138127555543,0.6329837872973479,0.6015829099141299,0.6392749904685658,0.33483092924187324,0.4255139367033491,0.6219352236384623,0.6626839770696834,0.6504938527203069,0.14618223520118548,0.4687051895401965,0.07712970275898456,0.5691073181472288,0.45139326607939545,0.580124885144769,0.6684721555587635,0.6780649884864761,0.6030439470175223,0.5970831875284819,1.0,0.5560261152210506,0.736547203985364,0.7455551281262943,0.6946409030111923,0.5634103636486781,0.45209960396819304,0.6431245287540679,0.42714442419645376,0.47214413809863515,0.4441042037815091,0.16047339851120218,0.515260467596827,0.653193090316018,0.46189691649561326,0.632825296652156,0.6873470915738263,0.4139897686939666,0.6076858747145857,0.6027691357320821,0.6010390710516827,0.5733214203370537,0.6634056457786988,0.6323923174010238,0.5144651834142485,0.6693452020540006,0.5850214350345228,0.7057945893172145,0.7228185183962502,0.5323871496040452,0.28441059931758506,0.6423615401013342,0.19227337400847958,0.3413562764959648,0.6954941811936082,0.5084294648041932,0.6386080538188258,0.5620725876082426,0.5571677895655741
skirt,0.6444739143878667,0.1586003970693203,0.6675706017281492,0.4568172755488598,0.45895769614054077,0.48003621594266266,-0.09497101450132454,0.23987881006565598,0.6215433260931076,0.6819320175479731,0.4590841380137388,-0.16555270974563585,0.21202866729492809,-0.4328917061117832,0.4321473569496113,0.04719247313460417,0.40316239788568586,0.5132006581855437,0.6214918590030091,0.6374572479626732,0.7168348321035778,0.5560261152210506,1.0,0.7419180183010285,0.5594150646174906,0.7508639084227148,0.23834799524294065,-0.01112294422443537,0.7694051896796583,0.37928397339617215,0.2436302464699365,0.5507097791090415,0.13266845714696365,0.28991315903073794,0.5716178388482976,0.009071227259179656,0.5514504730082552,0.5472067299634583,0.4337996509157272,0.5720011630528291,0.6112808615813601,0.4328402914804903,0.29944157190432236,0.5457576031147343,0.6980274851013792,0.18120691721933552,0.6471245033504199,0.5856727124910176,0.5899239370835705,0.4853308546035268,0.6151686328297685,0.3640393400832927,0.40179036836346815,-0.15531227971456335,-0.08854407801782586,0.5675227385302153,0.4018879434100884,0.5382160604770909,0.34108702204582975,0.7711169723959364
coat,0.7927614770847068,0.5189040493401624,0.8279906253791082,0.6867859740850162,0.6886407409897712,0.7403728974481085,0.20873801569969846,0.41210763667318956,0.7570794410079933,0.7522157162058309,0.7376104899391165,0.03399335697131298,0.5828382022091241,-0.05626336105975379,0.7105891327247847,0.4194866592820818,0.6363587237156099,0.7382857926251098,0.8192165402395784,0.762044468088405,0.8338315708551722,0.736547203985364,0.7419180183010285,1.0,0.7855962145977952,0.8439232397753647,0.5833949290825481,0.3614522515908999,0.7948545832480726,0.5526753429236377,0.4876362907347572,0.5901739800667126,0.10193271392585175,0.49683805347757587,0.7033124725217641,0.38682799032795356,0.7267416602783616,0.7650506992436665,0.6078364623665397,0.6797787334678831,0.7499372123908558,0.6510810132847074,0.5835221012866015,0.7926522458419233,0.8315967648241599,0.45425151840896344,0.7732083192531483,0.6637727809022274,0.7421987277462211,0.732742563271832,0.7110972344661934,0.36258653827484505,0.6804347366818301,0.012692055378547756,0.23645950136245827,0.84448995108349,0.6493773864297591,0.74501409669596,0.6678233725186736,0.8264456646265245
dress,0.7019910892898447,0.46748985740520516,0.7529259112618064,0.7223125728948855,0.650760779839304,0.694110196677921,0.3728545427943363,0.5317279554492219,0.6641496494184457,0.6345266082368064,0.7087896056182206,0.23883163178087014,0.6548252481766937,0.036744553473062935,0.6582013954662826,0.5923520494928941,0.7282741232357819,0.7290456233993784,0.7379282274337903,0.6741689225866745,0.6729317200645748,0.7455551281262943,0.5594150646174906,0.7855962145977952,1.0,0.7586339856280189,0.6726383674836965,0.4490991733568046,0.6587665845154763,0.5072642222204563,0.5051811521242487,0.43982486515127456,-0.0007964500142745092,0.4718404792355896,0.7320743878362813,0.48507755094504795,0.7080931904616403,0.6564819386568406,0.535021278269923,0.6872301339040096,0.6755520045896274,0.7202245859759299,0.7242269396595378,0.649066393765555,0.7444393342919167,0.4656475759094774,0.7398534117216788,0.5480637987616817,0.6189382981614929,0.7222932090849807,0.6116415261463436,0.3110811063277391,0.7059793827970648,0.20811914442500973,0.25812651422583494,0.781512309098987,0.6754658193086249,0.743100643880684,0.7046590632806642,0.6909369994050559
chair,0.7701789356360423,0.39170640944549023,0.7781436676742833,0.6615933289061494,0.568966665562959,0.6711834960604396,0.11417526965554879,0.2950644679613402,0.7047006590953343,0.80246950479719,0.7360873678645893,0.09063725821615241,0.5847672042118782,-0.2289554570333081,0.6885121398222789,0.38301072020191773,0.6343189241167825,0.7629435301589454,0.7698494183960131,0.7945718533415901,0.846866501055181,0.6946409030111923,0.7508639084227148,0.8439232397753647,0.7586339856280189,1.0,0.5094942870976997,0.23346517651505708,0.7784588910394165,0.5286129990779866,0.42408042031510285,0.4620481902250318,0.027093489254001533,0.4039903479816975,0.6980340576794299,0.23177999213049907,0.7040200268343251,0.6951240937011834,0.45296683065112875,0.6919198679452778,0.7427677649794303,0.6975524977028689,0.5557440326754949,0.7176701181813682,0.8348327609598042,0.37739396704475753,0.7629234307855763,0.5878997239969097,0.7133648395895771,0.6934224600279836,0.624685444412363,0.3721737874407068,0.5413277128108211,-0.05924739788063576,0.09100560277731394,0.7564223708607783,0.6165856158121829,0.7784768231511561,0.6543202370392481,0.7975942874779689
dresser,0.5545285355349183,0.6034859426644741,0.5213362479578209,0.7136920038361564,0.6543611496897366,0.6702302401933292,0.6192959256560019,0.5599499700497161,0.6456684093160382,0.41352837696166256,0.5794497767884843,0.2876605284546195,0.7268352152195305,0.3634602801338354,0.5644493838075092,0.7518120160053398,0.5826577235528357,0.5351607824877834,0.5780952103764153,0.4563547745134567,0.4726796397611786,0.5634103636486781,0.23834799524294065,0.5833949290825481,0.6726383674836965,0.5094942870976997,1.0,0.7402462171674932,0.45188806380331614,0.5969748700808746,0.6173092902696737,0.41674194090430966,0.05414698727662598,0.40458569852661763,0.6072091562860586,0.6052511360734322,0.5538803738546503,0.6251993434549693,0.5412889324303287,0.4347996931786232,0.49398387289602025,0.5846963441097716,0.7733729202017021,0.5926641126422789,0.4544692630115816,0.5693807940015538,0.5290333661386931,0.5229959981196145,0.5055936893111811,0.6516675357699172,0.4408718048732671,0.3853809039050934,0.738749905143651,0.44818451060681164,0.5975545181440735,0.6992924436747238,0.6327401368139469,0.5623333025287273,0.7284984075644868,0.4265605362486162
bed,0.22448916845439648,0.5224548741730675,0.35483732280544417,0.5008211319636995,0.5728358978263748,0.5224597002070186,0.7332633206072726,0.5659866701991556,0.5136718831611872,0.25538338831721663,0.34138764291428,0.5145101100182545,0.5170649613106902,0.49190849175871415,0.3447943397909806,0.5922583401863373,0.39912526977740365,0.31704444716932834,0.3291799074991945,0.12703385269389433,0.1410712716772199,0.45209960396819304,-0.01112294422443537,0.3614522515908999,0.4490991733568046,0.23346517651505708,0.7402462171674932,1.0,0.2483851779137322,0.5715142820346437,0.48028192691974303,0.371812684529258,0.2860882458691973,0.4311038607720271,0.45455743512100116,0.5664683588333299,0.34637469571946067,0.43891402916224903,0.41974336711626115,0.1816634071875949,0.37117096738950267,0.2736505534686518,0.635634884107977,0.4404902928366723,0.1261020739487153,0.5265022742782058,0.31373055829829455,0.44485924012587624,0.3292655445474004,0.4507698726692759,0.29065742540210776,0.3606886500752601,0.6783241026609672,0.560123474043414,0.6101137842401798,0.4479580131794769,0.3538166580340972,0.37831201922846763,0.5104184018164369,0.16336834474032677
table,0.694968802976475,0.35626728792089707,0.756502055420272,0.5909933575163396,0.5763355462667229,0.6499352153290584,0.1717921509035492,0.4396108577951864,0.7398131448736999,0.7301329838818824,0.6044955901638919,0.12441413053720696,0.4525683706236668,-0.1962348415218583,0.554140367064585,0.2700286472038939,0.5625021163172871,0.5973012239494033,0.7135841019851044,0.6644413974707666,0.7480690254940773,0.6431245287540679,0.7694051896796583,0.7948545832480726,0.6587665845154763,0.7784588910394165,0.45188806380331614,0.2483851779137322,1.0,0.5585834953625373,0.37548342620752506,0.610085355016205,0.22347950706439415,0.4191386196977292,0.6929927867273967,0.25456711503490637,0.6020272241326315,0.6370517425434032,0.5377307662003731,0.5848727163027396,0.7261738352766713,0.4889029519689696,0.4747180478957189,0.6945378949094674,0.7227157254806325,0.36031897692031023,0.7293288795047684,0.6462543589986514,0.6430411112897984,0.6308730179619622,0.7003919894420222,0.39766857437272024,0.5752700480928759,0.017994276210108667,0.09523541593300933,0.6826020660552415,0.48547801399749085,0.6324550657893903,0.5089610992880609,0.7634878835079522
desk,0.4535788860296974,0.4212970156259375,0.4966228491104793,0.5395870305192898,0.5541059448910058,0.6804128286257333,0.5037852347380798,0.4350959372192393,0.6431024927400201,0.5330712280606673,0.4591973461193976,0.326637621164399,0.47550063499937223,0.07145850689132763,0.4944307458833393,0.37431097582942613,0.501229852661127,0.3598652399176938,0.474556176258794,0.3803121464986283,0.4373995114003217,0.42714442419645376,0.37928397339617215,0.5526753429236377,0.5072642222204563,0.5286129990779866,0.5969748700808746,0.5715142820346437,0.5585834953625373,1.0,0.3837907909752937,0.6103530588496408,0.360929380382572,0.3335437863490914,0.5581218845353358,0.3115006103706044,0.38483634107777626,0.5421255062128121,0.534945078722593,0.4517121292820619,0.5930387032187854,0.2422495511580614,0.6171016916056341,0.5435061190140468,0.3653913398120573,0.43844630872724677,0.44770978439782494,0.5541287447666717,0.3932812373552768,0.43447120661622574,0.5412570425083472,0.5974026845885906,0.6069306880892789,0.37295700095430584,0.2971232210214469,0.5055536242049289,0.4973458145385323,0.4750476976088438,0.5799349213884467,0.5342774658732448
ant,0.44112190108510835,0.5254434616145691,0.48442128295252235,0.5657265071819726,0.518136785695475,0.4708990485673779,0.43069297520523203,0.463073524792742,0.5749028538339158,0.40995947348575706,0.31777876606627126,0.14278015258961552,0.5539379850222448,0.23379354105120848,0.3660722730954046,0.4153621345569489,0.2729239899720594,0.5061925047916898,0.3692387446178514,0.39619793650215945,0.49969688150537805,0.47214413809863515,0.2436302464699365,0.4876362907347572,0.5051811521242487,0.42408042031510285,0.6173092902696737,0.48028192691974303,0.37548342620752506,0.3837907909752937,1.0,0.3217203718924452,0.20904092330963883,0.47121218093264405,0.5443199057488144,0.44026316123276976,0.49512071427855714,0.49713596270793764,0.45705789142438197,0.26978854104550226,0.468845151306258,0.375115639850188,0.5227371660991416,0.5384405086287575,0.363701783343719,0.4852235282204913,0.40322451057349623,0.4514623982506304,0.5868596302353505,0.5349396210772095,0.42455435257539353,0.3199681920929616,0.5134039694659891,0.20135644556063803,0.3919882258510374,0.5960059051870653,0.4241196347767346,0.4572149207735772,0.5439548187309908,0.3244638295935821
butterfly,0.38076282111211246,0.20682430555402942,0.5153304241495279,0.4799568835181843,0.5361799025869584,0.5413344883425234,0.35214631535559276,0.43051773155727135,0.6705266872256415,0.4969320298527603,0.31915551493640115,0.07346469594122008,0.19463096471790653,-0.0919497082337859,0.31306325862527934,0.05088097267497168,0.32353313190543637,0.24085824818106505,0.4395744451829325,0.2864361826489539,0.4259961273028826,0.4441042037815091,0.5507097791090415,0.5901739800667126,0.43982486515127456,0.4620481902250318,0.41674194090430966,0.371812684529258,0.610085355016205,0.6103530588496408,0.3217203718924452,1.0,0.530904537940857,0.32476159040632396,0.5032356952549437,0.1747640437281769,0.2860046437266598,0.5169141356606629,0.5122403707160108,0.36610343640813564,0.5322292886398275,0.09932359229564751,0.3656748067053693,0.511474702925145,0.35635359882783796,0.2647320272711389,0.42098085732676016,0.6443171701149263,0.4419691491520231,0.4255772773423206,0.586538588945463,0.5393246330880754,0.5497353294466457,0.17452574102749252,0.20753331700544447,0.5285808430193792,0.31155372728893627,0.3620228902424523,0.37141462227348593,0.6433469273808864
fly,-0.1730282390464317,0.0209691493455811,0.11349541777120904,0.07658246061289542,0.20526265363589907,0.155120472545198,0.3875527322133204,0.3077584473670973,0.3532212058287059,0.16968730904227536,-0.16107518029204895,0.21474872001999495,-0.17521208445365813,-0.03671418609866663,-0.16092530536454558,-0.3125152864641384,-0.14076876810231156,-0.08240659057369928,-0.09836998616486384,-0.1968735611528088,-0.04206918461160867,0.16047339851120218,0.13266845714696365,0.10193271392585175,-0.0007964500142745092,0.027093489254001533,0.05414698727662598,0.2860882458691973,0.22347950706439415,0.360929380382572,0.20904092330963883,0.530904537940857,1.0,0.20810933203729567,0.19675372188126694,-0.05953928997833701,-0.06146759150862557,0.15167253781587747,0.13519133264401628,-0.074379656384825,0.27799017281739974,-0.41153243679246426,-0.002669186701933618,0.17584619622306052,-0.18045052333642758,0.16158323311963965,-0.035893780123788244,0.3807453788312825,0.187812641194366,0.039910907404470806,0.253958930514359,0.4646606076870253,0.2338655238216431,0.2380377581630796,0.05890945670183587,0.007407083845339093,-0.1841993991103086,0.0006884041180128299,-0.005939252107053235,0.08251453010337288
bee,0.3311235144119102,0.47707401828542784,0.5677916304153827,0.4890020805796905,0.503531944870697,0.563707387051206,0.369364912028679,0.4318410462607986,0.4540768925284392,0.4475424832708286,0.43396247680910977,0.33119145152847235,0.4043511874074826,0.24399678868161523,0.3798679368106944,0.34199648883086825,0.4123260309929541,0.44981937469652516,0.46929312890787017,0.3153119338918196,0.3336146058265866,0.515260467596827,0.28991315903073794,0.49683805347757587,0.4718404792355896,0.4039903479816975,0.40458569852661763,0.4311038607720271,0.4191386196977292,0.3335437863490914,0.47121218093264405,0.32476159040632396,0.20810933203729567,1.0,0.5745657795544619,0.4587490299714824,0.39486121549517356,0.5193606562034112,0.33220110210115134,0.37615346312985304,0.5706502446894078,0.36933754139752595,0.3878165438725147,0.4940886379319704,0.40322006292563073,0.47906330664703467,0.5047337747232944,0.4019223071942462,0.5667412031272181,0.49810726613020023,0.4827461809675777,0.25800983267365196,0.5364013104196547,0.28402317413269995,0.3726439866382366,0.5516312730446982,0.33584254792863266,0.5399041725026344,0.40394586713336567,0.3066161500374488
