term,airplane,ant,apartment,arch,arm,barn,bear,bed,bee,beetle,bell,bicycle,bottle,butterfly,car,carrot,cat,celery,chair,chimney,chisel,church,closet,coat,corn,cow,cup,desk,dog,door,dress,dresser,eye,fly,foot,glass,hammer,hand,horse,house,igloo,key,knife,leg,lettuce,pants,pliers,refrigerator,saw,screwdriver,shirt,skirt,spoon,table,telephone,tomato,train,truck,watch,window
airplane,1,0.72890987,0.619198939,0.645484624,0.499099354,0.629684879,0.45169467,0.596356043,0.631328993,0.563862366,0.492819065,0.667426048,0.153668012,0.488339327,0.590918718,0.543097241,0.478983696,0.568041221,0.416273368,0.562744524,0.453268087,0.401373762,0.415348633,0.666093152,0.550453951,0.561993016,0.653410807,0.564141865,0.594759602,0.599721985,0.546642334,0.515226202,0.479829625,0.620413829,0.184567963,0.579253638,0.634852621,0.533664857,0.605598602,0.443894204,0.608075536,0.244864919,0.539703539,0.383294443,0.712965983,0.512506883,0.51496684,0.516586132,0.4481112,0.395691007,0.651425685,0.539979466,0.512286326,0.337666518,0.521268987,0.093321921,0.656984649,0.641108406,0.460070618,0.519815021
ant,0.72890987,1,0.60522177,0.610468696,0.613272185,0.700879333,0.512332086,0.544929741,0.654079427,0.606011029,0.589121373,0.694974029,0.128689989,0.539719693,0.657052703,0.447772964,0.547849486,0.694609176,0.452226088,0.536200225,0.556116734,0.416540498,0.422822973,0.702754863,0.4718453,0.741808955,0.708446546,0.516034203,0.698793842,0.466501395,0.606325042,0.533003453,0.577058429,0.706471455,0.320628323,0.642878487,0.713763239,0.679458116,0.628424988,0.390852352,0.649542419,0.306667164,0.56664372,0.392606928,0.712752863,0.562932352,0.654370814,0.623294384,0.526108462,0.502398793,0.76607425,0.58121613,0.640933935,0.403407613,0.538799698,0.11415434,0.599942848,0.672708248,0.513919198,0.558630781
apartment,0.619198939,0.60522177,1,0.79568918,0.372581177,0.79271006,0.523802381,0.690164523,0.466241405,0.516281442,0.448187221,0.698761699,0.159213523,0.567175111,0.715972717,0.235426862,0.426966074,0.477076704,0.548736572,0.679889571,0.427571495,0.688073098,0.714110535,0.68692231,0.354348712,0.437083719,0.555001474,0.80701944,0.49472244,0.533149361,0.570669949,0.679159199,0.587909792,0.567258035,0.181030521,0.521236938,0.459302866,0.430921635,0.502787196,0.757610473,0.677369405,-0.072295856,0.217273041,0.329351787,0.564608965,0.365631122,0.361526767,0.486049565,0.379956382,0.241934082,0.610345569,0.33647195,0.458624502,0.53644767,0.580273811,-0.011873922,0.771127949,0.461891216,0.361368465,0.622675542
arch,0.645484624,0.610468696,0.79568918,1,0.517160541,0.719381407,0.425856177,0.601821341,0.471325909,0.499376973,0.524485949,0.673661076,0.106876895,0.540983961,0.633464656,0.35586223,0.38651598,0.525418704,0.565349456,0.744136606,0.491292367,0.636583041,0.716777714,0.657041014,0.454904555,0.421896606,0.603748063,0.752055598,0.487523178,0.584636549,0.565914361,0.674566408,0.607949185,0.516163125,0.275097155,0.60815666,0.582356474,0.540429124,0.524286469,0.657288604,0.62769228,0.097804109,0.230103001,0.490405841,0.547354882,0.39919572,0.467329552,0.506055887,0.480485325,0.339830444,0.636861439,0.390217355,0.417901754,0.563133408,0.560895896,-0.029693947,0.718865787,0.516418259,0.461813469,0.692362729
arm,0.499099354,0.613272185,0.372581177,0.517160541,1,0.439887558,0.27872669,0.335666279,0.349628355,0.347909072,0.557546926,0.423681281,0.08245904,0.312667957,0.520768936,0.282615069,0.254540697,0.571377254,0.301295285,0.457379512,0.537612666,0.215874823,0.339272603,0.479684214,0.25300284,0.51385076,0.585189836,0.40329018,0.444016216,0.269140613,0.574965419,0.482507322,0.375285155,0.521517711,0.545325408,0.519151933,0.613512557,0.611372806,0.339948844,0.19585097,0.351313753,0.234258799,0.465790222,0.543954731,0.401607518,0.458504464,0.532539566,0.381554852,0.45288979,0.472728894,0.645294371,0.269899928,0.384483951,0.425626106,0.325265151,-0.106577075,0.374422996,0.487273807,0.284430294,0.426447035
barn,0.629684879,0.700879333,0.79271006,0.719381407,0.439887558,1,0.582940521,0.723069585,0.566032763,0.600352474,0.502667847,0.782339111,0.266303484,0.67738948,0.746777825,0.27865911,0.544558734,0.540013719,0.547148845,0.72250035,0.499307276,0.611919864,0.710962955,0.729493865,0.460624622,0.56145732,0.677929318,0.748404578,0.630872888,0.546349502,0.620068608,0.671370926,0.643447788,0.62971667,0.205180245,0.577895576,0.529921983,0.525414388,0.534807201,0.668976404,0.697288007,-0.018620548,0.341387916,0.373002099,0.634546539,0.401282343,0.482073902,0.605259622,0.435599398,0.387483768,0.708883289,0.46553886,0.510621238,0.514059604,0.653962273,0.043647733,0.727983894,0.500558786,0.470288816,0.571043494
bear,0.45169467,0.512332086,0.523802381,0.425856177,0.27872669,0.582940521,1,0.515397668,0.518446428,0.570650936,0.264988299,0.688364865,0.399829957,0.713925452,0.557167461,0.32363008,0.562021189,0.208871575,0.520769687,0.375638601,0.333452867,0.33889753,0.393261652,0.437859947,0.492070729,0.414959745,0.563716945,0.453583429,0.635428388,0.378997786,0.438036818,0.274968214,0.535928586,0.392734289,0.070894162,0.357222651,0.274318863,0.28786831,0.629446196,0.491255254,0.48971497,-0.069810213,0.214760791,0.165817889,0.496858597,0.313995305,0.370300529,0.400102184,0.529257214,0.342193138,0.506309492,0.455845123,0.313970839,0.406461809,0.689438197,0.104656137,0.548222759,0.269508405,0.49288521,0.355812021
bed,0.596356043,0.544929741,0.690164523,0.601821341,0.335666279,0.723069585,0.515397668,1,0.513021983,0.519837748,0.432431264,0.676310928,0.184553947,0.601625553,0.6146633,0.311153511,0.469509669,0.463863704,0.433996122,0.579047691,0.319614923,0.550998122,0.630536945,0.666046993,0.469183544,0.511599397,0.51218749,0.593835592,0.490476817,0.516799931,0.469740761,0.615511472,0.470845536,0.573244191,0.109386404,0.492439568,0.4802158,0.382872711,0.458515118,0.579235383,0.632672427,-0.0456171,0.369530733,0.15902736,0.598892237,0.333436362,0.47495234,0.543354896,0.366910498,0.308241473,0.586929353,0.380550903,0.519641912,0.422523292,0.511047038,0.0333177,0.61091898,0.399730825,0.40986803,0.410634191
bee,0.631328993,0.654079427,0.466241405,0.471325909,0.349628355,0.566032763,0.518446428,0.513021983,1,0.626510721,0.413672217,0.650894702,0.249699001,0.612425714,0.52043888,0.476273137,0.648824783,0.433426996,0.401800577,0.462910916,0.442810745,0.335803226,0.334587738,0.559995135,0.603933041,0.562794974,0.630470511,0.394980719,0.630733501,0.461696561,0.438625113,0.315591788,0.571855543,0.530281905,0.18108001,0.502652016,0.474379189,0.447136671,0.605802825,0.406724402,0.632766394,0.303421785,0.509899668,0.163352496,0.703511838,0.485014321,0.492450942,0.62731326,0.442824047,0.486947195,0.610716792,0.60659839,0.501567764,0.280795718,0.564879788,0.192507251,0.514390282,0.485674297,0.464897242,0.395461803
beetle,0.563862366,0.606011029,0.516281442,0.499376973,0.347909072,0.600352474,0.570650936,0.519837748,0.626510721,1,0.214778434,0.679255856,0.430241015,0.546307149,0.441553308,0.553142171,0.582799639,0.354859603,0.409020897,0.546204655,0.460915814,0.362758046,0.34494274,0.518652609,0.495019463,0.489159232,0.61704332,0.499310495,0.61343679,0.536832145,0.454434697,0.24783904,0.611626314,0.404337315,0.113084738,0.59861691,0.363141274,0.325290451,0.559004845,0.50592266,0.616966245,0.133793786,0.490210264,0.24077697,0.739480215,0.400370484,0.490050656,0.520809665,0.403134002,0.507140681,0.584958375,0.675123998,0.485449629,0.429273913,0.728449183,0.41677328,0.630310873,0.342834469,0.659674516,0.334140668
bell,0.492819065,0.589121373,0.448187221,0.524485949,0.557546926,0.502667847,0.264988299,0.432431264,0.413672217,0.214778434,1,0.448484361,-0.185491954,0.392773562,0.596886866,0.173498671,0.294354133,0.695748044,0.313388207,0.449718061,0.531077753,0.529000389,0.479340576,0.55065351,0.28955792,0.575086877,0.498396269,0.435918115,0.338194512,0.225859293,0.464904888,0.701234859,0.361045871,0.656742616,0.444006565,0.416167861,0.737122105,0.622502321,0.314911809,0.252965996,0.45176663,0.316441967,0.266831948,0.371963832,0.292986852,0.457005578,0.51820186,0.503897836,0.413519556,0.212955496,0.610855267,0.154875299,0.496190011,0.317224919,0.154502964,-0.210779111,0.347262409,0.625917708,0.167183786,0.567474451
bicycle,0.667426048,0.694974029,0.698761699,0.673661076,0.423681281,0.782339111,0.688364865,0.676310928,0.650894702,0.679255856,0.448484361,1,0.323918898,0.724717096,0.663642748,0.46380718,0.638757999,0.484348671,0.582034874,0.647277112,0.454353546,0.577199927,0.617564688,0.737378771,0.609034356,0.571982172,0.688835367,0.608919998,0.701899022,0.596704026,0.546706981,0.52526783,0.65858257,0.533992268,0.199821399,0.620240977,0.51355508,0.497880547,0.67918162,0.612270826,0.701232724,0.089929852,0.338980877,0.319877641,0.691540982,0.520293954,0.540076402,0.58955581,0.545562106,0.398005077,0.740069845,0.534456512,0.569667888,0.476272948,0.687739486,0.07691392,0.75238062,0.535906789,0.585156282,0.525749834
bottle,0.153668012,0.128689989,0.159213523,0.106876895,0.08245904,0.266303484,0.399829957,0.184553947,0.249699001,0.430241015,-0.185491954,0.323918898,1,0.301304097,0.093860304,0.237986887,0.373836987,-0.175509208,0.32836671,0.273663015,0.200781605,-0.048759722,0.16176405,0.200266161,0.314953437,0.033547835,0.312756237,0.240556333,0.387654296,0.344717531,0.312077853,-0.170466625,0.422924691,-0.034828614,-0.024642291,0.279275148,-0.115496841,-0.058298382,0.357998756,0.28564813,0.296142108,-0.1659325,0.182041256,0.147340156,0.420363729,0.117414332,0.089907999,0.098460489,0.251407373,0.44766033,0.196543863,0.501801793,-0.027361543,0.152523773,0.563904472,0.207710558,0.370971923,-0.00631644,0.439736963,-0.006358807
butterfly,0.488339327,0.539719693,0.567175111,0.540983961,0.312667957,0.67738948,0.713925452,0.601625553,0.612425714,0.546307149,0.392773562,0.724717096,0.301304097,1,0.591349324,0.289137775,0.701453302,0.221645734,0.595479365,0.51386334,0.392879963,0.455126826,0.540441514,0.555428512,0.589265272,0.417299866,0.588940663,0.451170013,0.662618522,0.399640134,0.411166374,0.389567158,0.617229162,0.404613619,0.150550189,0.436795433,0.342256638,0.370222305,0.630848121,0.513591364,0.539854908,0.049695127,0.24827854,0.106770654,0.516102104,0.282856273,0.428477883,0.540431818,0.563400135,0.459354,0.560376219,0.527992882,0.360134449,0.395778491,0.670400491,-0.029954556,0.530845267,0.333114572,0.471460381,0.430508481
car,0.590918718,0.657052703,0.715972717,0.633464656,0.520768936,0.746777825,0.557167461,0.6146633,0.52043888,0.441553308,0.596886866,0.663642748,0.093860304,0.591349324,1,0.164519524,0.562121324,0.549758568,0.427387916,0.533244781,0.479485077,0.546449022,0.634270362,0.716515429,0.374085581,0.595649072,0.632317929,0.648912976,0.589732925,0.352888223,0.626651451,0.652975494,0.538943682,0.672243147,0.367482021,0.457862051,0.554807023,0.583283813,0.492049847,0.581115695,0.592968047,0.026419452,0.327919585,0.278791532,0.477379008,0.438132302,0.47229239,0.566726903,0.401791781,0.374826179,0.690036851,0.333016928,0.483412802,0.417097403,0.459877388,-0.080268587,0.627965054,0.49515573,0.299870226,0.513150682
carrot,0.543097241,0.447772964,0.235426862,0.35586223,0.282615069,0.27865911,0.32363008,0.311153511,0.476273137,0.553142171,0.173498671,0.46380718,0.237986887,0.289137775,0.164519524,1,0.325756459,0.306836531,0.22670986,0.307939688,0.309549968,0.210160493,0.101952133,0.265138743,0.429425684,0.356663475,0.424025958,0.221681423,0.438287407,0.53378548,0.18117267,0.135525293,0.439160839,0.303817152,0.033206277,0.443328469,0.367066497,0.288084936,0.453829614,0.140909931,0.399427554,0.319457443,0.406540384,0.304015119,0.565259683,0.483024812,0.448835172,0.275187702,0.441198584,0.285392351,0.433143026,0.481273074,0.402525249,0.269732857,0.430798137,0.429907155,0.390089995,0.395327249,0.630876445,0.236855708
cat,0.478983696,0.547849486,0.426966074,0.38651598,0.254540697,0.544558734,0.562021189,0.469509669,0.648824783,0.582799639,0.294354133,0.638757999,0.373836987,0.701453302,0.562121324,0.325756459,1,0.287543009,0.386634823,0.333855151,0.390294302,0.340290144,0.349961326,0.618499474,0.542150377,0.492493997,0.62403666,0.295399662,0.719141151,0.322303104,0.430772575,0.172476519,0.647854366,0.440133227,0.20967566,0.465638354,0.286841562,0.407553548,0.637777675,0.439230055,0.606609167,0.155602647,0.357674742,0.033477684,0.571466197,0.448439157,0.438343787,0.577337398,0.401632276,0.565755894,0.580220234,0.661204947,0.435283971,0.154496556,0.621165195,0.187989823,0.47438363,0.348815872,0.45259044,0.237763835
celery,0.568041221,0.694609176,0.477076704,0.525418704,0.571377254,0.540013719,0.208871575,0.463863704,0.433426996,0.354859603,0.695748044,0.484348671,-0.175509208,0.221645734,0.549758568,0.306836531,0.287543009,1,0.18549393,0.410740279,0.531420951,0.43155443,0.357290306,0.613181975,0.211963168,0.687739314,0.55580655,0.427243616,0.410675422,0.289445324,0.516612705,0.622341159,0.375195853,0.705578453,0.434622338,0.537259859,0.799963904,0.692867095,0.376394212,0.20494964,0.537082545,0.363009414,0.452838138,0.42542791,0.448861686,0.613686059,0.641606757,0.566250385,0.37666188,0.271239829,0.726637749,0.285398117,0.662295554,0.286044174,0.17595156,0.032198488,0.404202065,0.660700077,0.234819742,0.4541782
chair,0.416273368,0.452226088,0.548736572,0.565349456,0.301295285,0.547148845,0.520769687,0.433996122,0.401800577,0.409020897,0.313388207,0.582034874,0.32836671,0.595479365,0.427387916,0.22670986,0.386634823,0.18549393,1,0.538221269,0.438497865,0.358262284,0.499310473,0.453374043,0.395139409,0.261666347,0.486265091,0.536355568,0.537718018,0.521399423,0.4188493,0.318195038,0.522859943,0.288174558,0.116288846,0.471345351,0.318234221,0.344715232,0.521167848,0.432215069,0.443444389,0.02201089,0.079415141,0.340120234,0.458343542,0.303871688,0.298018924,0.343614819,0.487307842,0.421708194,0.504413361,0.379614194,0.227381894,0.466677451,0.575045118,-0.110767572,0.530845854,0.306887351,0.408216125,0.502248567
chimney,0.562744524,0.536200225,0.679889571,0.744136606,0.457379512,0.72250035,0.375638601,0.579047691,0.462910916,0.546204655,0.449718061,0.647277112,0.273663015,0.51386334,0.533244781,0.307939688,0.333855151,0.410740279,0.538221269,1,0.451865887,0.541971318,0.721315715,0.580960596,0.445138159,0.346201235,0.544320231,0.688164679,0.419436445,0.626132989,0.471588385,0.596125826,0.558069919,0.439651618,0.194677328,0.54926429,0.471228524,0.388218682,0.381092118,0.655084829,0.573624241,0.046119541,0.271462079,0.465756992,0.561378045,0.298942923,0.360430762,0.476109092,0.431173755,0.378293951,0.569902462,0.361003166,0.369518477,0.578673688,0.575183985,0.07525361,0.713681428,0.356835973,0.476714244,0.591661469
chisel,0.453268087,0.556116734,0.427571495,0.491292367,0.537612666,0.499307276,0.333452867,0.319614923,0.442810745,0.460915814,0.531077753,0.454353546,0.200781605,0.392879963,0.479485077,0.309549968,0.390294302,0.531420951,0.438497865,0.451865887,1,0.337860765,0.312413474,0.464291048,0.273627079,0.503113141,0.597104214,0.463910131,0.514554272,0.410464494,0.55346635,0.42209695,0.538406434,0.505292018,0.369866443,0.547022579,0.532712016,0.628688191,0.407125601,0.234356176,0.465162662,0.32516773,0.366803025,0.537071489,0.448406471,0.513461725,0.547526882,0.456054326,0.431814598,0.477041314,0.636728932,0.465975644,0.419643552,0.374994643,0.430817815,0.181585871,0.406940895,0.442694556,0.418999129,0.494896271
church,0.401373762,0.416540498,0.688073098,0.636583041,0.215874823,0.611919864,0.33889753,0.550998122,0.335803226,0.362758046,0.529000389,0.577199927,-0.048759722,0.455126826,0.546449022,0.210160493,0.340290144,0.43155443,0.358262284,0.541971318,0.337860765,1,0.661708258,0.562722233,0.357116327,0.3653341,0.356467691,0.579047643,0.314006727,0.456739118,0.278852374,0.643078114,0.475020493,0.436230458,0.261954534,0.415324768,0.444124641,0.394705204,0.364375079,0.647460221,0.549392684,0.097674259,0.028624986,0.213070755,0.323583057,0.380023095,0.40328544,0.480233849,0.360840673,0.075794663,0.521296913,0.156329857,0.439552621,0.447727829,0.342859547,-0.003419014,0.546408007,0.441855753,0.303802504,0.574636124
closet,0.415348633,0.422822973,0.714110535,0.716777714,0.339272603,0.710962955,0.393261652,0.630536945,0.334587738,0.34494274,0.479340576,0.617564688,0.16176405,0.540441514,0.634270362,0.101952133,0.349961326,0.357290306,0.499310473,0.721315715,0.312413474,0.661708258,1,0.618377716,0.376043526,0.292105181,0.452059395,0.675853837,0.289142382,0.458885868,0.453145306,0.680410735,0.478225047,0.43211815,0.249900594,0.483000744,0.411803282,0.346417401,0.345479036,0.662052766,0.56432741,-0.091672552,0.062249208,0.298216708,0.35536998,0.27620456,0.289397263,0.484523703,0.344992603,0.213529271,0.520839016,0.18271374,0.294676523,0.483301697,0.436932252,-0.128546542,0.637731864,0.376399817,0.30345518,0.524037741
coat,0.666093152,0.702754863,0.68692231,0.657041014,0.479684214,0.729493865,0.437859947,0.666046993,0.559995135,0.518652609,0.55065351,0.737378771,0.200266161,0.555428512,0.716515429,0.265138743,0.618499474,0.613181975,0.453374043,0.580960596,0.464291048,0.562722233,0.618377716,1,0.473734169,0.583663841,0.645754266,0.606001039,0.623318941,0.441192825,0.668806847,0.567345816,0.613431282,0.651663533,0.34147937,0.629188332,0.607707604,0.578897827,0.59742858,0.544622039,0.663139781,0.08343435,0.443152149,0.261663808,0.657422625,0.53798974,0.541678532,0.681313304,0.40721342,0.484393245,0.782763665,0.504614334,0.595416058,0.313135606,0.503923577,-0.056065687,0.671639105,0.578691074,0.396243305,0.445993658
corn,0.550453951,0.4718453,0.354348712,0.454904555,0.25300284,0.460624622,0.492070729,0.469183544,0.603933041,0.495019463,0.28955792,0.609034356,0.314953437,0.589265272,0.374085581,0.429425684,0.542150377,0.211963168,0.395139409,0.445138159,0.273627079,0.357116327,0.376043526,0.473734169,1,0.314929752,0.518046165,0.313470076,0.520958047,0.49498007,0.320284287,0.258986071,0.510279272,0.353657694,0.117753701,0.430050327,0.343494656,0.284887068,0.607442161,0.450934285,0.584523299,0.259056771,0.385307342,0.148390022,0.587453915,0.285905152,0.438627506,0.467424624,0.469211576,0.440663817,0.416966402,0.548483358,0.38738937,0.254024381,0.551738858,0.112441993,0.517357195,0.339358576,0.541262944,0.374086003
cow,0.561993016,0.741808955,0.437083719,0.421896606,0.51385076,0.56145732,0.414959745,0.511599397,0.562794974,0.489159232,0.575086877,0.571982172,0.033547835,0.417299866,0.595649072,0.356663475,0.492493997,0.687739314,0.261666347,0.346201235,0.503113141,0.3653341,0.292105181,0.583663841,0.314929752,1,0.610759986,0.355822495,0.593659061,0.263103945,0.487787799,0.453150193,0.432930712,0.737960425,0.321533251,0.515341823,0.700021116,0.683239262,0.459268901,0.210148536,0.491156983,0.293300131,0.490468577,0.288232157,0.538803967,0.602586718,0.63999505,0.532463383,0.446305,0.38137569,0.671898341,0.423702203,0.654803367,0.308197892,0.344454717,0.069395382,0.378129071,0.601885001,0.340962346,0.359552158
cup,0.653410807,0.708446546,0.555001474,0.603748063,0.585189836,0.677929318,0.563716945,0.51218749,0.630470511,0.61704332,0.498396269,0.688835367,0.312756237,0.588940663,0.632317929,0.424025958,0.62403666,0.55580655,0.486265091,0.544320231,0.597104214,0.356467691,0.452059395,0.645754266,0.518046165,0.610759986,1,0.523449447,0.706104314,0.478463759,0.635622722,0.437205572,0.619399586,0.638711193,0.341804392,0.66050435,0.593264635,0.611111764,0.648659795,0.440608752,0.653477043,0.241893947,0.482211419,0.432308573,0.6770497,0.571062186,0.575835111,0.587830148,0.483578137,0.577105867,0.754167535,0.61712294,0.482457668,0.426066644,0.651349168,0.090083686,0.627999799,0.535912458,0.482695059,0.493955337
desk,0.564141865,0.516034203,0.80701944,0.752055598,0.40329018,0.748404578,0.453583429,0.593835592,0.394980719,0.499310495,0.435918115,0.608919998,0.240556333,0.451170013,0.648912976,0.221681423,0.295399662,0.427243616,0.536355568,0.688164679,0.463910131,0.579047643,0.675853837,0.606001039,0.313470076,0.355822495,0.523449447,1,0.440112766,0.551277135,0.583977352,0.653824643,0.552249905,0.49277821,0.166066031,0.521046407,0.420754455,0.378998094,0.427417681,0.703133484,0.580904992,-0.079922707,0.2022245,0.434717235,0.534353559,0.308830638,0.308522009,0.399988263,0.367430723,0.286433719,0.558186249,0.339354797,0.333666078,0.602218457,0.545787016,0.021709666,0.719756713,0.436263298,0.386107388,0.632070212
dog,0.594759602,0.698793842,0.49472244,0.487523178,0.444016216,0.630872888,0.635428388,0.490476817,0.630733501,0.61343679,0.338194512,0.701899022,0.387654296,0.662618522,0.589732925,0.438287407,0.719141151,0.410675422,0.537718018,0.419436445,0.514554272,0.314006727,0.289142382,0.623318941,0.520958047,0.593659061,0.706104314,0.440112766,1,0.425086214,0.554547401,0.24550015,0.662252845,0.520959438,0.212527502,0.517600676,0.436420573,0.542950003,0.721317717,0.409137495,0.604417466,0.170957116,0.446669009,0.243890572,0.688060924,0.492839267,0.533207699,0.5340733,0.570777441,0.600038631,0.68547651,0.667779232,0.501078225,0.356947573,0.690539063,0.125949543,0.551456031,0.440323982,0.501648346,0.368852121
door,0.599721985,0.466501395,0.533149361,0.584636549,0.269140613,0.546349502,0.378997786,0.516799931,0.461696561,0.536832145,0.225859293,0.596704026,0.344717531,0.399640134,0.352888223,0.53378548,0.322303104,0.289445324,0.521399423,0.626132989,0.410464494,0.456739118,0.458885868,0.441192825,0.49498007,0.263103945,0.478463759,0.551277135,0.425086214,1,0.331806388,0.379880453,0.440594178,0.323141907,0.05738999,0.552993259,0.376872213,0.31892129,0.448411454,0.49054978,0.51334947,0.169005692,0.293102344,0.442063041,0.59153632,0.400667946,0.364116431,0.347678351,0.383832115,0.320707305,0.509876157,0.501120347,0.367286494,0.439454026,0.55176839,0.240729196,0.625443231,0.388245184,0.568770087,0.515050527
dress,0.546642334,0.606325042,0.570669949,0.565914361,0.574965419,0.620068608,0.438036818,0.469740761,0.438625113,0.454434697,0.464904888,0.546706981,0.312077853,0.411166374,0.626651451,0.18117267,0.430772575,0.516612705,0.4188493,0.471588385,0.55346635,0.278852374,0.453145306,0.668806847,0.320284287,0.487787799,0.635622722,0.583977352,0.554547401,0.331806388,1,0.469613149,0.492150193,0.555280214,0.342954797,0.552810425,0.508269615,0.501131242,0.485006176,0.416640132,0.56163398,0.032390657,0.411255227,0.432295435,0.553387758,0.487288871,0.429866263,0.449023194,0.309541977,0.456653517,0.673142276,0.465938536,0.360831391,0.323159398,0.473848337,-0.104683936,0.551005738,0.413762971,0.370531637,0.379884397
dresser,0.515226202,0.533003453,0.679159199,0.674566408,0.482507322,0.671370926,0.274968214,0.615511472,0.315591788,0.24783904,0.701234859,0.52526783,-0.170466625,0.389567158,0.652975494,0.135525293,0.172476519,0.622341159,0.318195038,0.596125826,0.42209695,0.643078114,0.680410735,0.567345816,0.258986071,0.453150193,0.437205572,0.653824643,0.24550015,0.379880453,0.469613149,1,0.339763524,0.565109488,0.329704667,0.444684051,0.645920174,0.537547586,0.233245375,0.483113872,0.500402949,0.089169176,0.190087821,0.402843816,0.296842437,0.331357851,0.422578124,0.464426577,0.314505161,0.081798885,0.561033006,0.083865529,0.448406496,0.467132099,0.205458101,-0.152707468,0.514707336,0.518955266,0.184204168,0.589243688
eye,0.479829625,0.577058429,0.587909792,0.607949185,0.375285155,0.643447788,0.535928586,0.470845536,0.571855543,0.611626314,0.361045871,0.65858257,0.422924691,0.617229162,0.538943682,0.439160839,0.647854366,0.375195853,0.522859943,0.558069919,0.538406434,0.475020493,0.478225047,0.613431282,0.510279272,0.432930712,0.619399586,0.552249905,0.662252845,0.440594178,0.492150193,0.339763524,1,0.43080007,0.242831583,0.557261739,0.388768118,0.470257491,0.590933019,0.552579952,0.600798821,0.138248348,0.355255766,0.328595961,0.583961801,0.423727565,0.467513675,0.536500042,0.527759746,0.510074293,0.623018708,0.613322846,0.425502555,0.405906903,0.671266148,0.229684242,0.635198154,0.413640723,0.593769891,0.459791464
fly,0.620413829,0.706471455,0.567258035,0.516163125,0.521517711,0.62971667,0.392734289,0.573244191,0.530281905,0.404337315,0.656742616,0.533992268,-0.034828614,0.404613619,0.672243147,0.303817152,0.440133227,0.705578453,0.288174558,0.439651618,0.505292018,0.436230458,0.43211815,0.651663533,0.353657694,0.737960425,0.638711193,0.49277821,0.520959438,0.323141907,0.555280214,0.565109488,0.43080007,1,0.352018197,0.498054475,0.728769825,0.652788196,0.411162933,0.328004384,0.58564194,0.264175024,0.468665485,0.314934346,0.514462682,0.510748714,0.610161855,0.560989346,0.406346922,0.341284849,0.671269878,0.361308875,0.59006363,0.31920589,0.346558686,0.01009225,0.46289953,0.599120184,0.296489028,0.485499991
foot,0.184567963,0.320628323,0.181030521,0.275097155,0.545325408,0.205180245,0.070894162,0.109386404,0.18108001,0.113084738,0.444006565,0.199821399,-0.024642291,0.150550189,0.367482021,0.033206277,0.20967566,0.434622338,0.116288846,0.194677328,0.369866443,0.261954534,0.249900594,0.34147937,0.117753701,0.321533251,0.341804392,0.166066031,0.212527502,0.05738999,0.342954797,0.329704667,0.242831583,0.352018197,1,0.240871946,0.432192215,0.480026667,0.271436278,0.113651296,0.195463762,0.412773289,0.128863415,0.249251557,0.043047389,0.373543745,0.372761239,0.366450823,0.309914224,0.312892971,0.429612321,0.078551574,0.261838389,0.186318117,0.019963872,-0.201090816,0.125756031,0.34686118,0.011899561,0.296041944
glass,0.579253638,0.642878487,0.521236938,0.60815666,0.519151933,0.577895576,0.357222651,0.492439568,0.502652016,0.59861691,0.416167861,0.620240977,0.279275148,0.436795433,0.457862051,0.443328469,0.465638354,0.537259859,0.471345351,0.54926429,0.547022579,0.415324768,0.483000744,0.629188332,0.430050327,0.515341823,0.66050435,0.521046407,0.517600676,0.552993259,0.552810425,0.444684051,0.557261739,0.498054475,0.240871946,1,0.584129275,0.528439157,0.499248953,0.358623382,0.557779263,0.201841327,0.443624854,0.435363603,0.64963541,0.564126961,0.584675569,0.548814252,0.410177052,0.486850916,0.730797256,0.598278466,0.510298258,0.36520129,0.49977371,0.181310083,0.573661871,0.563481196,0.510094005,0.463561723
hammer,0.634852621,0.713763239,0.459302866,0.582356474,0.613512557,0.529921983,0.274318863,0.4802158,0.474379189,0.363141274,0.737122105,0.51355508,-0.115496841,0.342256638,0.554807023,0.367066497,0.286841562,0.799963904,0.318234221,0.471228524,0.532712016,0.444124641,0.411803282,0.607707604,0.343494656,0.700021116,0.593264635,0.420754455,0.436420573,0.376872213,0.508269615,0.645920174,0.388768118,0.728769825,0.432192215,0.584129275,1,0.694812598,0.424390328,0.20643517,0.50028951,0.3870269,0.46082498,0.417944268,0.459698474,0.564651882,0.699371318,0.572632549,0.506791981,0.332144513,0.724101103,0.32728736,0.613422361,0.326605541,0.2160136,-0.072006209,0.421454838,0.697947056,0.297984576,0.521476276
hand,0.533664857,0.679458116,0.430921635,0.540429124,0.611372806,0.525414388,0.28786831,0.382872711,0.447136671,0.325290451,0.622502321,0.497880547,-0.058298382,0.370222305,0.583283813,0.288084936,0.407553548,0.692867095,0.344715232,0.388218682,0.628688191,0.394705204,0.346417401,0.578897827,0.284887068,0.683239262,0.611111764,0.378998094,0.542950003,0.31892129,0.501131242,0.537547586,0.470257491,0.652788196,0.480026667,0.528439157,0.694812598,1,0.441745331,0.191519467,0.438461751,0.419277725,0.417590804,0.475621769,0.393273415,0.615407282,0.651971745,0.501718371,0.447822468,0.405208069,0.69697832,0.378670266,0.561079224,0.32694745,0.278781427,0.006044917,0.368152042,0.573692139,0.257895006,0.478859307
horse,0.605598602,0.628424988,0.502787196,0.524286469,0.339948844,0.534807201,0.629446196,0.458515118,0.605802825,0.559004845,0.314911809,0.67918162,0.357998756,0.630848121,0.492049847,0.453829614,0.637777675,0.376394212,0.521167848,0.381092118,0.407125601,0.364375079,0.345479036,0.59742858,0.607442161,0.459268901,0.648659795,0.427417681,0.721317717,0.448411454,0.485006176,0.233245375,0.590933019,0.411162933,0.271436278,0.499248953,0.424390328,0.441745331,1,0.466669951,0.580408579,0.237204137,0.318639421,0.220471376,0.630369354,0.493210301,0.493395713,0.538799604,0.596340027,0.539192654,0.627074278,0.620257347,0.439516264,0.3251234,0.641528093,0.004842922,0.578065955,0.506633744,0.486193901,0.43730672
house,0.443894204,0.390852352,0.757610473,0.657288604,0.19585097,0.668976404,0.491255254,0.579235383,0.406724402,0.50592266,0.252965996,0.612270826,0.28564813,0.513591364,0.581115695,0.140909931,0.439230055,0.20494964,0.432215069,0.655084829,0.234356176,0.647460221,0.662052766,0.544622039,0.450934285,0.210148536,0.440608752,0.703133484,0.409137495,0.49054978,0.416640132,0.483113872,0.552579952,0.328004384,0.113651296,0.358623382,0.20643517,0.191519467,0.466669951,1,0.593108119,-0.11661555,0.109469016,0.185929097,0.501368896,0.193008477,0.186051537,0.410812523,0.283162096,0.243859966,0.408219824,0.31658643,0.248615682,0.439553127,0.583738202,0.034304733,0.759026051,0.260909424,0.358093544,0.522432511
igloo,0.608075536,0.649542419,0.677369405,0.62769228,0.351313753,0.697288007,0.48971497,0.632672427,0.632766394,0.616966245,0.45176663,0.701232724,0.296142108,0.539854908,0.592968047,0.399427554,0.606609167,0.537082545,0.443444389,0.573624241,0.465162662,0.549392684,0.56432741,0.663139781,0.584523299,0.491156983,0.653477043,0.580904992,0.604417466,0.51334947,0.56163398,0.500402949,0.600798821,0.58564194,0.195463762,0.557779263,0.50028951,0.438461751,0.580408579,0.593108119,1,0.167454992,0.346919266,0.259349688,0.680730646,0.516831204,0.491160254,0.57343116,0.425776696,0.381846632,0.653301137,0.538293046,0.517875432,0.372139576,0.593701252,0.150707298,0.675853368,0.479600573,0.484399915,0.501672021
key,0.244864919,0.306667164,-0.072295856,0.097804109,0.234258799,-0.018620548,-0.069810213,-0.0456171,0.303421785,0.133793786,0.316441967,0.089929852,-0.1659325,0.049695127,0.026419452,0.319457443,0.155602647,0.363009414,0.02201089,0.046119541,0.32516773,0.097674259,-0.091672552,0.08343435,0.259056771,0.293300131,0.241893947,-0.079922707,0.170957116,0.169005692,0.032390657,0.089169176,0.138248348,0.264175024,0.412773289,0.201841327,0.3870269,0.419277725,0.237204137,-0.11661555,0.167454992,1,0.257348788,0.161138481,0.151195575,0.384850358,0.381629525,0.26423715,0.297118252,0.289252612,0.267902469,0.257112387,0.347516084,0.055395964,-0.031878652,0.136353972,-0.060120089,0.340938995,0.124787712,0.265577599
knife,0.539703539,0.56664372,0.217273041,0.230103001,0.465790222,0.341387916,0.214760791,0.369530733,0.509899668,0.490210264,0.266831948,0.338980877,0.182041256,0.24827854,0.327919585,0.406540384,0.357674742,0.452838138,0.079415141,0.271462079,0.366803025,0.028624986,0.062249208,0.443152149,0.385307342,0.490468577,0.482211419,0.2022245,0.446669009,0.293102344,0.411255227,0.190087821,0.355255766,0.468665485,0.128863415,0.443624854,0.46082498,0.417590804,0.318639421,0.109469016,0.346919266,0.257348788,1,0.178846564,0.604434554,0.362709286,0.465765356,0.477323164,0.268521382,0.510271446,0.483975109,0.552307326,0.520393158,0.122882982,0.320655575,0.277372153,0.30755636,0.379078604,0.341119487,0.098443948
leg,0.383294443,0.392606928,0.329351787,0.490405841,0.543954731,0.373002099,0.165817889,0.15902736,0.163352496,0.24077697,0.371963832,0.319877641,0.147340156,0.106770654,0.278791532,0.304015119,0.033477684,0.42542791,0.340120234,0.465756992,0.537071489,0.213070755,0.298216708,0.261663808,0.148390022,0.288232157,0.432308573,0.434717235,0.243890572,0.442063041,0.432295435,0.402843816,0.328595961,0.314934346,0.249251557,0.435363603,0.417944268,0.475621769,0.220471376,0.185929097,0.259349688,0.161138481,0.178846564,1,0.315843738,0.373667132,0.365910379,0.049161577,0.279799233,0.193273303,0.444349978,0.191183684,0.202995785,0.395053482,0.319943794,0.10453323,0.430153981,0.359544953,0.411764051,0.482651088
lettuce,0.712965983,0.712752863,0.564608965,0.547354882,0.401607518,0.634546539,0.496858597,0.598892237,0.703511838,0.739480215,0.292986852,0.691540982,0.420363729,0.516102104,0.477379008,0.565259683,0.571466197,0.448861686,0.458343542,0.561378045,0.448406471,0.323583057,0.35536998,0.657422625,0.587453915,0.538803967,0.6770497,0.534353559,0.688060924,0.59153632,0.553387758,0.296842437,0.583961801,0.514462682,0.043047389,0.64963541,0.459698474,0.393273415,0.630369354,0.501368896,0.680730646,0.151195575,0.604434554,0.315843738,1,0.486231727,0.525932086,0.520762922,0.373910377,0.568324667,0.659317775,0.697988991,0.551905276,0.323329114,0.704064204,0.296109747,0.690786113,0.512743488,0.610411954,0.388791794
pants,0.512506883,0.562932352,0.365631122,0.39919572,0.458504464,0.401282343,0.313995305,0.333436362,0.485014321,0.400370484,0.457005578,0.520293954,0.117414332,0.282856273,0.438132302,0.483024812,0.448439157,0.613686059,0.303871688,0.298942923,0.513461725,0.380023095,0.27620456,0.53798974,0.285905152,0.602586718,0.571062186,0.308830638,0.492839267,0.400667946,0.487288871,0.331357851,0.423727565,0.510748714,0.373543745,0.564126961,0.564651882,0.615407282,0.493210301,0.193008477,0.516831204,0.384850358,0.362709286,0.373667132,0.486231727,1,0.553768955,0.493646331,0.440771621,0.345946965,0.683562044,0.415467049,0.54740647,0.224026415,0.281320234,0.138867494,0.389261066,0.569257908,0.388133554,0.363066743
pliers,0.51496684,0.654370814,0.361526767,0.467329552,0.532539566,0.482073902,0.370300529,0.47495234,0.492450942,0.490050656,0.51820186,0.540076402,0.089907999,0.428477883,0.47229239,0.448835172,0.438343787,0.641606757,0.298018924,0.360430762,0.547526882,0.40328544,0.289397263,0.541678532,0.438627506,0.63999505,0.575835111,0.308522009,0.533207699,0.364116431,0.429866263,0.422578124,0.467513675,0.610161855,0.372761239,0.584675569,0.699371318,0.651971745,0.493395713,0.186051537,0.491160254,0.381629525,0.465765356,0.365910379,0.525932086,0.553768955,1,0.560912306,0.550048269,0.448052389,0.684211545,0.458458426,0.633978378,0.33173511,0.346409976,0.148431505,0.357423101,0.580363726,0.456660726,0.359713186
refrigerator,0.516586132,0.623294384,0.486049565,0.506055887,0.381554852,0.605259622,0.400102184,0.543354896,0.62731326,0.520809665,0.503897836,0.58955581,0.098460489,0.540431818,0.566726903,0.275187702,0.577337398,0.566250385,0.343614819,0.476109092,0.456054326,0.480233849,0.484523703,0.681313304,0.467424624,0.532463383,0.587830148,0.399988263,0.5340733,0.347678351,0.449023194,0.464426577,0.536500042,0.560989346,0.366450823,0.548814252,0.572632549,0.501718371,0.538799604,0.410812523,0.57343116,0.26423715,0.477323164,0.049161577,0.520762922,0.493646331,0.560912306,1,0.479012267,0.502310573,0.670679344,0.487530796,0.608891214,0.227026815,0.383253862,0.026963674,0.427341586,0.477795677,0.306288504,0.364126854
saw,0.4481112,0.526108462,0.379956382,0.480485325,0.45288979,0.435599398,0.529257214,0.366910498,0.442824047,0.403134002,0.413519556,0.545562106,0.251407373,0.563400135,0.401791781,0.441198584,0.401632276,0.37666188,0.487307842,0.431173755,0.431814598,0.360840673,0.344992603,0.40721342,0.469211576,0.446305,0.483578137,0.367430723,0.570777441,0.383832115,0.309541977,0.314505161,0.527759746,0.406346922,0.309914224,0.410177052,0.506791981,0.447822468,0.596340027,0.283162096,0.425776696,0.297118252,0.268521382,0.279799233,0.373910377,0.440771621,0.550048269,0.479012267,1,0.471086717,0.516030797,0.393922901,0.405477824,0.432817533,0.462206278,-0.009720997,0.361107982,0.419652242,0.409970072,0.465963769
screwdriver,0.395691007,0.502398793,0.241934082,0.339830444,0.472728894,0.387483768,0.342193138,0.308241473,0.486947195,0.507140681,0.212955496,0.398005077,0.44766033,0.459354,0.374826179,0.285392351,0.565755894,0.271239829,0.421708194,0.378293951,0.477041314,0.075794663,0.213529271,0.484393245,0.440663817,0.38137569,0.577105867,0.286433719,0.600038631,0.320707305,0.456653517,0.081798885,0.510074293,0.341284849,0.312892971,0.486850916,0.332144513,0.405208069,0.539192654,0.243859966,0.381846632,0.289252612,0.510271446,0.193273303,0.568324667,0.345946965,0.448052389,0.502310573,0.471086717,1,0.521886614,0.618645967,0.347859451,0.220156372,0.532248649,0.096038425,0.360800187,0.339996043,0.394927268,0.219274047
shirt,0.651425685,0.76607425,0.610345569,0.636861439,0.645294371,0.708883289,0.506309492,0.586929353,0.610716792,0.584958375,0.610855267,0.740069845,0.196543863,0.560376219,0.690036851,0.433143026,0.580220234,0.726637749,0.504413361,0.569902462,0.636728932,0.521296913,0.520839016,0.782763665,0.416966402,0.671898341,0.754167535,0.558186249,0.68547651,0.509876157,0.673142276,0.561033006,0.623018708,0.671269878,0.429612321,0.730797256,0.724101103,0.69697832,0.627074278,0.408219824,0.653301137,0.267902469,0.483975109,0.444349978,0.659317775,0.683562044,0.684211545,0.670679344,0.516030797,0.521886614,1,0.545038897,0.633018583,0.396981242,0.534921463,0.054239881,0.607607777,0.657884132,0.450913482,0.493584589
skirt,0.539979466,0.58121613,0.33647195,0.390217355,0.269899928,0.46553886,0.455845123,0.380550903,0.60659839,0.675123998,0.154875299,0.534456512,0.501801793,0.527992882,0.333016928,0.481273074,0.661204947,0.285398117,0.379614194,0.361003166,0.465975644,0.156329857,0.18271374,0.504614334,0.548483358,0.423702203,0.61712294,0.339354797,0.667779232,0.501120347,0.465938536,0.083865529,0.613322846,0.361308875,0.078551574,0.598278466,0.32728736,0.378670266,0.620257347,0.31658643,0.538293046,0.257112387,0.552307326,0.191183684,0.697988991,0.415467049,0.458458426,0.487530796,0.393922901,0.618645967,0.545038897,1,0.387639599,0.253448339,0.661234712,0.40610258,0.487955853,0.343768197,0.591362871,0.270673367
spoon,0.512286326,0.640933935,0.458624502,0.417901754,0.384483951,0.510621238,0.313970839,0.519641912,0.501567764,0.485449629,0.496190011,0.569667888,-0.027361543,0.360134449,0.483412802,0.402525249,0.435283971,0.662295554,0.227381894,0.369518477,0.419643552,0.439552621,0.294676523,0.595416058,0.38738937,0.654803367,0.482457668,0.333666078,0.501078225,0.367286494,0.360831391,0.448406496,0.425502555,0.59006363,0.261838389,0.510298258,0.613422361,0.561079224,0.439516264,0.248615682,0.517875432,0.347516084,0.520393158,0.202995785,0.551905276,0.54740647,0.633978378,0.608891214,0.405477824,0.347859451,0.633018583,0.387639599,1,0.253093781,0.274470498,0.141209647,0.377040469,0.53409156,0.343601729,0.343976068
table,0.337666518,0.403407613,0.53644767,0.563133408,0.425626106,0.514059604,0.406461809,0.422523292,0.280795718,0.429273913,0.317224919,0.476272948,0.152523773,0.395778491,0.417097403,0.269732857,0.154496556,0.286044174,0.466677451,0.578673688,0.374994643,0.447727829,0.483301697,0.313135606,0.254024381,0.308197892,0.426066644,0.602218457,0.356947573,0.439454026,0.323159398,0.467132099,0.405906903,0.31920589,0.186318117,0.36520129,0.326605541,0.32694745,0.3251234,0.439553127,0.372139576,0.055395964,0.122882982,0.395053482,0.323329114,0.224026415,0.33173511,0.227026815,0.432817533,0.220156372,0.396981242,0.253448339,0.253093781,1,0.485838588,0.032235727,0.463690148,0.243775639,0.34589101,0.492072966
telephone,0.521268987,0.538799698,0.580273811,0.560895896,0.325265151,0.653962273,0.689438197,0.511047038,0.564879788,0.728449183,0.154502964,0.687739486,0.563904472,0.670400491,0.459877388,0.430798137,0.621165195,0.17595156,0.575045118,0.575183985,0.430817815,0.342859547,0.436932252,0.503923577,0.551738858,0.344454717,0.651349168,0.545787016,0.690539063,0.55176839,0.473848337,0.205458101,0.671266148,0.346558686,0.019963872,0.49977371,0.2160136,0.278781427,0.641528093,0.583738202,0.593701252,-0.031878652,0.320655575,0.319943794,0.704064204,0.281320234,0.346409976,0.383253862,0.462206278,0.532248649,0.534921463,0.661234712,0.274470498,0.485838588,1,0.246299249,0.685806318,0.26573905,0.636029556,0.416239067
