,horse,bear,cat,dog,cow,leg,arm,hand,foot,eye,apartment,igloo,barn,house,church,door,closet,chimney,window,arch,shirt,pants,skirt,coat,dress,chair,dresser,bed,table,desk,ant,butterfly,fly,bee,beetle,knife,bottle,glass,spoon,cup,telephone,key,watch,refrigerator,bell,screwdriver,chisel,pliers,saw,hammer,tomato,celery,corn,carrot,lettuce,bicycle,car,train,truck,airplane
horse,1.0,0.5238670222203482,0.6186805884553692,0.725261468105296,0.6900578932079325,0.36579917903523196,0.34327277055826666,0.40364619038665467,0.46427423165637216,0.3158364166086268,0.10389714885234827,0.19088921570374182,0.3300843378737554,0.19536829535699865,0.1274455082602902,0.2680743364044782,0.1805044978947778,0.18685848429594043,0.16066827950827386,0.19141565872240754,0.2190508486297109,0.23205880704312204,0.20443577188117837,0.35872342416349956,0.2232624042137955,0.181845722593832,0.1924550294199089,0.3043318702634718,0.21966678656264263,0.24035963538053357,0.2629360701267488,0.3468959164050882,0.23454207689746373,0.3303356860188858,0.30566795837698024,0.3497222065043051,0.22752208946973868,0.20575210061134266,0.22831788382651444,0.1997118546507165,0.02966081686670472,0.13047642093343098,0.3445485016624906,0.07784764204207498,0.2495212863478204,0.17968787742851366,0.21619311866948532,0.18708746442146415,0.25848272995085375,0.37506725343947805,0.13004293359382443,0.04910133265764843,0.2248214533768273,0.13226672325999914,0.10089037665552947,0.5395241172697267,0.3481725888916911,0.32937462773638027,0.4350105091841178,0.22867541817420786
bear,0.5238670222203482,1.0,0.6915035054745343,0.6668706675172565,0.5674784042152895,0.2668262692174193,0.29603052142702657,0.373253860190961,0.328768334251026,0.36895612655308774,0.11696084855219246,0.2610281971425132,0.25799873709298393,0.14276600970009426,0.0930306159707706,0.21219634188825823,0.2178055306236099,0.21658095462232788,0.13369167141138252,0.25139535972984167,0.27262394458287076,0.2903864781892232,0.24894237231186933,0.39284720446049115,0.32217865168854914,0.16525063832357115,0.1908686641948444,0.3328025236450951,0.161137778599828,0.20593300931906997,0.4433441894518272,0.49212336932996337,0.3304407339760826,0.5296227683153072,0.4673800399721013,0.3330675791413019,0.2456096064377065,0.234084055367766,0.262878936979043,0.1449243758886655,0.024790870664319026,0.1946382091759421,0.4531956952942334,0.08991671088087169,0.3289856493456671,0.14084694508841367,0.19296401721074258,0.1624059649133208,0.3356642097675054,0.39480205306110383,0.15065700262362286,0.11961848037660955,0.23643221144915808,0.23564053318839281,0.17068207885511555,0.22116076882326308,0.1490528205623429,0.18371334760174468,0.21597440769201626,0.15810195082063153
cat,0.6186805884553692,0.6915035054745343,1.0,0.9177954637490344,0.6827503228502639,0.3166378895950297,0.3272570820044949,0.4105774487035632,0.33164752066681785,0.457236421284883,0.15544860240658237,0.24991319686829966,0.24117910902474243,0.12737177474643419,0.059274201856870275,0.30870212296255106,0.2972325921039173,0.19855709151384485,0.20211133930226105,0.1553094052437415,0.2751263859064945,0.32588662240317123,0.2406762639050824,0.4093062524400083,0.2970669138926706,0.20332741171615615,0.21482990516990452,0.39180892480529195,0.2114485821898812,0.2794567548972639,0.48430336954379,0.44493015087830295,0.28973267771845984,0.5280772265741592,0.4442931037538198,0.3536604485589403,0.279642173553472,0.22540208937261808,0.2754163916856565,0.13596026229180957,0.03890324792272203,0.15191958712136894,0.3936477987235035,0.12474425758261365,0.31220235723415884,0.18930631427134642,0.15516557670760484,0.16773342285902534,0.2740516186042994,0.37170231842817747,0.15800101035078884,0.09198192860845951,0.20601820241545835,0.23046454324031243,0.15251258918685887,0.2142770993694546,0.21920821557658524,0.1886675764259923,0.24111004655202908,0.19800013372227995
dog,0.725261468105296,0.6668706675172565,0.9177954637490344,1.0,0.7328411077969504,0.32802171899813776,0.3062143969550378,0.404361547859166,0.3450892043285501,0.40051850184226656,0.12966296083913262,0.21549876320765474,0.23879359831000008,0.12492251617221958,0.07582563244994014,0.29175097905733677,0.2597556812329371,0.18118624154710317,0.18340026309493065,0.12749120731892763,0.25979997507205715,0.32412968022623967,0.22740186369637536,0.39686284488315715,0.26736317453478115,0.18651640872264064,0.18291575828535078,0.3826890663729548,0.1824440128488704,0.26743375574541367,0.38102471407324773,0.3745646770271414,0.2615757496115503,0.4524392461324357,0.3733721080917073,0.3562009069722568,0.2810279870990237,0.20346034714755923,0.26582028139594877,0.138356399261491,0.030492884458592946,0.1272925273216902,0.3908726895696611,0.1284357772913713,0.27745249204963607,0.18672441632217546,0.15956719371361114,0.18255117886065547,0.25301970525479417,0.3396239817947561,0.1635720531257607,0.08569668953096701,0.20310097720041909,0.21683878006467336,0.15350176181378355,0.28592701730193304,0.24824504437581504,0.20946231979218208,0.28601725820969387,0.19299659938778688
cow,0.6900578932079325,0.5674784042152895,0.6827503228502639,0.7328411077969504,1.0,0.3179053472005363,0.24709965688808835,0.28013651116547383,0.3342383619506686,0.3267051045572833,0.10724575872535258,0.26692073921676585,0.3552588488874778,0.09928618009340273,0.0476225884350634,0.20299165401342434,0.25171744291636494,0.24018739850071275,0.12858295746002948,0.17812710170629112,0.22896512205674824,0.27211775627953605,0.230118482441314,0.38737203145394117,0.2147486532814409,0.12397591466978168,0.21570544285114482,0.2882624899715625,0.14003108469692316,0.1808348732127778,0.3756600566355787,0.3513814912430967,0.2101208582992315,0.4350467823499971,0.38757406078841994,0.3171540215303478,0.3127293544580092,0.23135873046927843,0.38911459434468243,0.13469944813238563,0.015671797352742056,0.08348315899606737,0.26064561139942993,0.1420550350217071,0.24138887713741697,0.17232397112431955,0.19511492332780883,0.16959890281186166,0.17083392647405188,0.3473491436648157,0.31001677693766433,0.20344166517717743,0.43662705451574807,0.33562689626555203,0.2842615148865143,0.23711524663835232,0.15445706401738524,0.1363921324367996,0.2663035880005225,0.18285790444553565
leg,0.36579917903523196,0.2668262692174193,0.3166378895950297,0.32802171899813776,0.3179053472005363,1.0,0.828095727450816,0.6247337785354262,0.6651742100333211,0.5258479654724695,0.0867576865003066,0.07399851268969401,0.12838077729186242,0.06620538066667822,0.04710658930747941,0.38388560101516833,0.20981304084417696,0.24971642177682482,0.2508220524177483,0.3230719303208834,0.37724657022926306,0.3425186281319182,0.3796371555974038,0.35104375710855584,0.24388125299576496,0.2107811084843638,0.18171704595314497,0.35959746732956005,0.24236152763541363,0.2829552892740353,0.18171913049846752,0.28116389546798554,0.23777585947110066,0.19233169270519473,0.17169568736155935,0.5019673448431162,0.25046114701281424,0.2241261376651373,0.3101433118220998,0.21415007194879845,0.022744862154682754,0.15695623812256185,0.261966087001924,0.09329525110889711,0.21469525239856008,0.3002312279797745,0.29164480540659077,0.35625428054287783,0.2092647940715529,0.4710722230960047,0.1411259978551411,0.10501722843299309,0.13165524945996035,0.1517003780693493,0.13132554572292054,0.29121239620324896,0.20035933885840554,0.1789795391108139,0.23358786035147772,0.17648920027760612
arm,0.34327277055826666,0.29603052142702657,0.3272570820044949,0.3062143969550378,0.24709965688808835,0.828095727450816,1.0,0.7358960733667907,0.6261064173065173,0.5140250361940804,0.09884569259121391,0.09159836951353288,0.1397393492660561,0.11578386441976957,0.07967303466720912,0.46900140418954384,0.24342532346043902,0.264366753195265,0.29254191139383506,0.3435434743329063,0.2983353410376671,0.2689923397777851,0.3451285045297487,0.31999286795536885,0.22664142581800936,0.27755244694531933,0.19273903244950336,0.37423401087546715,0.24545632148490248,0.393547574149299,0.2024430136008828,0.281455307588496,0.24627203679686907,0.1903777326932655,0.19279043250955494,0.5897544467292939,0.2748520523264101,0.27767220328774894,0.31678697402692246,0.11942168938526072,0.0325093828294032,0.20473304291796776,0.290400605130805,0.12495325114912288,0.29632488396097245,0.39969120003363257,0.3569060772137872,0.431314557990019,0.2199558698308105,0.5754753475126585,0.061412485620217894,0.05166682998091295,0.11782319711974124,0.10475224723722909,0.07726484712091303,0.3183768057350939,0.2531617805220751,0.1978680056866201,0.31428540333491695,0.23705777979148104
hand,0.40364619038665467,0.373253860190961,0.4105774487035632,0.404361547859166,0.28013651116547383,0.6247337785354262,0.7358960733667907,1.0,0.5538834741121108,0.5932444272353398,0.09385635502212407,0.09487101757567996,0.14225880089484733,0.13244279650523635,0.09137327271868982,0.5057652816186311,0.2704951116790244,0.24861770143468878,0.35722733174000865,0.250438579417511,0.3409118584206833,0.2917474194752854,0.3414760376534821,0.41924066969478024,0.33871528256750805,0.2566148194878977,0.25867464294288284,0.48596939497909614,0.3463777445605594,0.41828679187963846,0.19692137604121965,0.3014374940143901,0.24589780730282282,0.27578743909968995,0.18377219950519671,0.6649932323577172,0.37989605089214773,0.45709087191364767,0.37845686397820955,0.1393646551345294,0.03839326889621125,0.25358782628918924,0.3675860329275923,0.20543897486636956,0.2699060995591924,0.42166325931591253,0.4240159980272157,0.42300942057795204,0.2919439214751928,0.5477928342809109,0.11594264733747947,0.0839661765792606,0.19726663499884864,0.15728755469599748,0.12501408080580012,0.25991599394824044,0.281584836898694,0.17504554895486651,0.26059702792843964,0.15202391434828785
foot,0.46427423165637216,0.328768334251026,0.33164752066681785,0.3450892043285501,0.3342383619506686,0.6651742100333211,0.6261064173065173,0.5538834741121108,1.0,0.4655181235570121,0.12539900430318118,0.11198977603857219,0.20745375888654788,0.16224917053009824,0.08768751839758177,0.374933385305112,0.1946631308796647,0.35367827510514943,0.2645432658746505,0.35572472524285376,0.2235017069749626,0.23624025515656222,0.26943586547038084,0.2980490615464571,0.19218263576623557,0.21175696322206872,0.1816417537266086,0.3937599433019813,0.2510099805511039,0.2800718917735207,0.2009504329056966,0.277491842446492,0.24955199173927686,0.24165884842502014,0.20607836174551292,0.434717352001296,0.2579035821181765,0.2773462054280459,0.269605551870567,0.15722939914318215,0.04516288368291592,0.1598066107909062,0.2808657357302106,0.11171429681562697,0.2568877226883661,0.28023687988304574,0.3004827529334163,0.29376093612285,0.2465951438780535,0.42922423453483555,0.09795635473850893,0.06767112153359871,0.1658506435799172,0.12343726550262138,0.09099768763131824,0.3542004474720909,0.2592554277023867,0.23791530951282863,0.3145875194382842,0.18806560348877308
eye,0.3158364166086268,0.36895612655308774,0.457236421284883,0.40051850184226656,0.3267051045572833,0.5258479654724695,0.5140250361940804,0.5932444272353398,0.4655181235570121,1.0,0.09643261301274232,0.13167357306237845,0.14956568975503898,0.1272947341461409,0.09402826295816306,0.33544766630165007,0.22764545578815518,0.2195292727933764,0.309246425990584,0.2633808439767513,0.270894810754033,0.220825982723295,0.2478211591235114,0.40394478204056794,0.273667800184015,0.16144238272154038,0.1863761876641325,0.31166768667474387,0.17196384261333347,0.2773258902626883,0.27962731724523127,0.3660972750806958,0.26617861525306563,0.36189285322700365,0.24871971554273034,0.4174218858926351,0.2905894712575725,0.36435259418160715,0.23993326195366263,0.10633729760873561,0.030739130294496837,0.1944082217175073,0.38949985458577757,0.11990983342149722,0.20797992970255508,0.24822319804569998,0.2338914236337308,0.22395529145149623,0.2671764839450586,0.3354212686028794,0.14773733819200913,0.08182098062677344,0.15246799992989535,0.16366137968212943,0.12731488999704402,0.16280908898625984,0.18003609842457127,0.14509479182206608,0.13207637589899038,0.1483353545181647
apartment,0.10389714885234827,0.11696084855219246,0.15544860240658237,0.12966296083913262,0.10724575872535258,0.0867576865003066,0.09884569259121391,0.09385635502212407,0.12539900430318118,0.09643261301274232,1.0,0.21858568866407876,0.5226777108197739,0.4125924911354259,0.1148795228146116,0.25354472814780954,0.29823917674845557,0.20792458321539872,0.1919527456776448,0.20701063920853927,0.10237319970830702,0.09042906668043678,0.07323069034660194,0.10255483244504844,0.15940761125163827,0.1294035925880331,0.2558585081809366,0.4962647354643691,0.13663964746384913,0.24857039214155008,0.12381343824983267,0.14135974621036032,0.17308609455036467,0.13245396840042648,0.11136221506022484,0.09327048979831812,0.08751578878944105,0.1489199587304743,0.09173879714035649,0.06171888331908331,0.0466072696972031,0.08566058635103102,0.16055723635634378,0.14870486399326907,0.16537848291558888,0.09198356035993197,0.059707107656495534,0.06148966266487461,0.11350437140029852,0.13898755253839026,0.03731817102358257,0.020683663519558027,0.06819758185758504,0.04820759650665251,0.0427651865423838,0.13588999828485257,0.23238153033963102,0.154452206152936,0.1371699689973876,0.10563467516894941
igloo,0.19088921570374182,0.2610281971425132,0.24991319686829966,0.21549876320765474,0.26692073921676585,0.07399851268969401,0.09159836951353288,0.09487101757567996,0.11198977603857219,0.13167357306237845,0.21858568866407876,1.0,0.3054461208987887,0.08638907294812617,0.052377079959903025,0.14805780212748448,0.317789426851775,0.32403138636593365,0.14341667047171666,0.229344931093961,0.12891425053526512,0.20446154683395992,0.17500938595527057,0.15652014224466834,0.11472509726525917,0.0968110814693232,0.39012477761479025,0.22907793117586076,0.1181031170058582,0.2150416606371835,0.3473904179467279,0.25729148028767523,0.1153480685304632,0.28443923728529275,0.26545454944102337,0.1564211603354997,0.15276674988820482,0.18839295976195444,0.22132211313237588,0.0499537893140093,0.017931385936431947,0.1038200059271684,0.1709871738958598,0.2500877540468877,0.19694129540638297,0.2366380950970912,0.23132276695788598,0.21583368946693843,0.10668206478138156,0.2352059807792857,0.08723180971700763,0.06582048126308723,0.11640576047143057,0.14454006535425526,0.10647544919909156,0.25144495249647775,0.08700640854184162,0.08855810625800396,0.18698474859637473,0.21219230803579703
barn,0.3300843378737554,0.25799873709298393,0.24117910902474243,0.23879359831000008,0.3552588488874778,0.12838077729186242,0.1397393492660561,0.14225880089484733,0.20745375888654788,0.14956568975503898,0.5226777108197739,0.3054461208987887,1.0,0.5343364502970033,0.3086940052494025,0.3270233899399759,0.317938334767877,0.43234509740347016,0.24640987857287336,0.3796915213375159,0.11936677413738608,0.11668138178098113,0.1177464356945604,0.16987941053831002,0.15697035021551808,0.16400798277783898,0.33612482165493174,0.434974628895775,0.1707888611861816,0.2404821074648241,0.2641170045217985,0.32510655471815647,0.20344723435457746,0.3056057752488248,0.23817320902364297,0.16249969783104715,0.14363948507373042,0.2160438964534617,0.1703217480453259,0.09382670967439617,0.027690203923641295,0.07238883524932463,0.24223627579896734,0.15315630177151265,0.2649432816337084,0.13335324543149518,0.18693763059961535,0.13409228680863464,0.21442356821369,0.25173676165472947,0.09152377416075211,0.055052860969255324,0.2799057857740969,0.11899947729547719,0.10232470192596854,0.19595631606109878,0.17964449685286368,0.16750135582085054,0.18870835142465942,0.14324205501707007
house,0.19536829535699865,0.14276600970009426,0.12737177474643419,0.12492251617221958,0.09928618009340273,0.06620538066667822,0.11578386441976957,0.13244279650523635,0.16224917053009824,0.1272947341461409,0.4125924911354259,0.08638907294812617,0.5343364502970033,1.0,0.6048361160786051,0.1786575520850527,0.11055563813509078,0.15616259099140378,0.14109041401018185,0.20686480987488018,0.07935748505943858,0.06028624235252859,0.04615907690738946,0.09567874734301406,0.11467634992248033,0.20470578447565788,0.10178249437651167,0.25572975219257027,0.11930940305400323,0.1500422766877344,0.09410256711212359,0.11691306287251814,0.08813715454465867,0.11735313922062929,0.06409566254895782,0.07406948716145748,0.0970843027329078,0.14258616018306575,0.052525237970358865,0.13434142989513193,0.05778048461031263,0.09095372709770148,0.16847795735295398,0.042120585560652894,0.23003382420553903,0.05368607756424958,0.058930696506198844,0.045953469132460484,0.21475243316917178,0.11392197386870974,0.03181402429479411,0.012378631165045024,0.1001957384068101,0.03558182934670212,0.025583572006976276,0.07474843686744634,0.23001496073004465,0.2011730879431149,0.0789048232397142,0.051635089364939
church,0.1274455082602902,0.0930306159707706,0.059274201856870275,0.07582563244994014,0.0476225884350634,0.04710658930747941,0.07967303466720912,0.09137327271868982,0.08768751839758177,0.09402826295816306,0.1148795228146116,0.052377079959903025,0.3086940052494025,0.6048361160786051,1.0,0.10768869479288845,0.08112358982134266,0.099835255551406,0.08876236420636405,0.18441229157320072,0.034761161224573615,0.008961157091492766,0.01601630557853034,0.06201263112725248,0.07419284087632481,0.1325044074951272,0.0674516330966444,0.08702930630676105,0.07798117091131271,0.0828040434334875,0.049593089648727884,0.053501464673550235,0.052476735990397046,0.05368264235964369,0.02756026124235905,0.03502847179166678,0.03489526456124862,0.08331502482813505,0.031236275141222073,0.08672974200398882,0.026453339199256198,0.06167031934039498,0.08623220614120967,0.01737420413040729,0.1958876031059415,0.021470013663799428,0.03202913777138795,0.025768508117701767,0.1463328236048276,0.06939852989339866,0.010578957880402504,0.011472898012057012,0.0562364971540986,0.01724764122352317,0.02052852908529246,0.04348065655722168,0.10276961661537214,0.213415141187716,0.034318517552566374,0.033898535169341854
door,0.2680743364044782,0.21219634188825823,0.30870212296255106,0.29175097905733677,0.20299165401342434,0.38388560101516833,0.46900140418954384,0.5057652816186311,0.374933385305112,0.33544766630165007,0.25354472814780954,0.14805780212748448,0.3270233899399759,0.1786575520850527,0.10768869479288845,1.0,0.5811962302411223,0.5465470677626281,0.7437328833559733,0.4889702726994712,0.25155016881155984,0.22190221656350848,0.2855273512745891,0.3159531615624906,0.22038113310123017,0.23743328301534267,0.4376117799803526,0.5206945049225778,0.34220070339192654,0.569018758492793,0.15363771542824023,0.24307924921001042,0.18414800602702783,0.17081542162422078,0.2114815093764751,0.4142318140217924,0.2721590475022196,0.5276417542331432,0.24377720621553572,0.08650254517339233,0.046039149784032486,0.1993372374674099,0.2969183179486817,0.3732564960975236,0.28484282640041236,0.30177418693773095,0.25978109078265743,0.26237232530584775,0.18720154863173993,0.3817626093064958,0.046452205265218184,0.03914208848986198,0.09247261876619776,0.07707183807513124,0.06273800723897173,0.3042081423288819,0.3833655477237665,0.2142769572748793,0.3505860715915826,0.20081498794695454
closet,0.1805044978947778,0.2178055306236099,0.2972325921039173,0.2597556812329371,0.25171744291636494,0.20981304084417696,0.24342532346043902,0.2704951116790244,0.1946631308796647,0.22764545578815518,0.29823917674845557,0.317789426851775,0.317938334767877,0.11055563813509078,0.08112358982134266,0.5811962302411223,1.0,0.411691904918546,0.3973019160512572,0.26468874271312615,0.24866402351144903,0.29155239266777827,0.2637329184687072,0.2602775009175208,0.2667510342726763,0.1894141506200626,0.6194136554679962,0.47352951709144864,0.2380280861523074,0.5106857509213143,0.30489596417882814,0.2350699863219982,0.13618892215828635,0.26746083118007563,0.22647858393870124,0.34665974718743414,0.2666590388813348,0.2905362328143742,0.3061048328601735,0.07209783216932836,0.04191688739055107,0.12288302722211483,0.2610456193365115,0.58925115373714,0.23089983610992756,0.31775485203327797,0.23611845193657383,0.2559980074225606,0.14665901406614362,0.35359898805068846,0.08310620698846483,0.07436609945176767,0.12875010966716677,0.1363161840910328,0.12182350525164085,0.27843361004722433,0.16961107395760008,0.13002098081442076,0.25043724451728777,0.21149073176548386
chimney,0.18685848429594043,0.21658095462232788,0.19855709151384485,0.18118624154710317,0.24018739850071275,0.24971642177682482,0.264366753195265,0.24861770143468878,0.35367827510514943,0.2195292727933764,0.20792458321539872,0.32403138636593365,0.43234509740347016,0.15616259099140378,0.099835255551406,0.5465470677626281,0.411691904918546,1.0,0.4889535026889691,0.6732249650864959,0.20576824387792947,0.21457834142022814,0.2970830018517822,0.28409094068785956,0.19151555648186577,0.09593992832853286,0.40461371912063354,0.3195710350025853,0.20422835270793457,0.297806203771357,0.2128941539568085,0.2678332251889036,0.1662114620497241,0.20251486729375875,0.21888810442970114,0.34921549117487716,0.255005354053542,0.49333680010836545,0.28008139132650495,0.07997937060054784,0.025407789867752852,0.08236643904407054,0.15833140419733588,0.3895319886135214,0.26094849310784785,0.3109703272783697,0.4056069022821665,0.2787413673437549,0.1324266439974856,0.3920866865029066,0.07817108546915685,0.053645911696391275,0.14483861190612182,0.10704263818063557,0.07248204770586775,0.21838784509502904,0.15845971150361501,0.1320618110035084,0.23103545908907036,0.2078296958729284
window,0.16066827950827386,0.13369167141138252,0.20211133930226105,0.18340026309493065,0.12858295746002948,0.2508220524177483,0.29254191139383506,0.35722733174000865,0.2645432658746505,0.309246425990584,0.1919527456776448,0.14341667047171666,0.24640987857287336,0.14109041401018185,0.08876236420636405,0.7437328833559733,0.3973019160512572,0.4889535026889691,1.0,0.5148520471454555,0.18502224152592883,0.1359008227072267,0.21490295525809897,0.24333696359260018,0.1761472105625322,0.15609155297573418,0.32770744715141065,0.3592208701092908,0.408909050428082,0.4428698875422113,0.15047529258063772,0.19350358817055713,0.13455539361926042,0.11645486772595041,0.11769509579144075,0.2916929544096561,0.20731012924784595,0.5126627852767307,0.16066705703937642,0.06010568552986899,0.03396356449447582,0.3110180060758276,0.23825735287137026,0.25845637106772523,0.200986997522341,0.19274161769196876,0.2059474394486486,0.1390072763563307,0.13717219852674006,0.23301498525399347,0.04765446844458742,0.033450851003463435,0.06218973285729027,0.057489477068339005,0.05788938594877421,0.19278417515390528,0.2385018133064878,0.1394555253904148,0.1932691680265506,0.13150715436174215
arch,0.19141565872240754,0.25139535972984167,0.1553094052437415,0.12749120731892763,0.17812710170629112,0.3230719303208834,0.3435434743329063,0.250438579417511,0.35572472524285376,0.2633808439767513,0.20701063920853927,0.229344931093961,0.3796915213375159,0.20686480987488018,0.18441229157320072,0.4889702726994712,0.26468874271312615,0.6732249650864959,0.5148520471454555,1.0,0.18496269862381293,0.13866983649761128,0.26364044630355316,0.23507988256419088,0.20307881050247006,0.1603385811107295,0.32010170528047466,0.25357002604624174,0.20406337596355342,0.25412068647649155,0.17769104633939514,0.2711838344501457,0.1349286957711531,0.19234115702217863,0.18304289342590283,0.26691430616969686,0.16179203658566765,0.41630917505398746,0.18988696070362374,0.0922186028459441,0.026337150612590902,0.10682991106009566,0.1749697906608199,0.08755123420807433,0.3303052540016324,0.14779364286535815,0.2910018003202951,0.1495378229291299,0.14436098516668025,0.34317591331017683,0.0606598378815175,0.044478753430953345,0.10080582560572357,0.07859991204374335,0.06401903811574489,0.19407371763929615,0.1293825508282353,0.1490669428896744,0.16741938646642907,0.14253164530057977
shirt,0.2190508486297109,0.27262394458287076,0.2751263859064945,0.25979997507205715,0.22896512205674824,0.37724657022926306,0.2983353410376671,0.3409118584206833,0.2235017069749626,0.270894810754033,0.10237319970830702,0.12891425053526512,0.11936677413738608,0.07935748505943858,0.034761161224573615,0.25155016881155984,0.24866402351144903,0.20576824387792947,0.18502224152592883,0.18496269862381293,1.0,0.8828436120144162,0.8593389656176483,0.7289109955777455,0.8116506423492411,0.13385000827064866,0.27472219248728563,0.2784197461367634,0.14212980965334687,0.21091911428500587,0.19039054819877338,0.3053360032588948,0.17702370097062212,0.1851245719208239,0.20048196164185897,0.2958477323170846,0.26867628459107457,0.21321033828075037,0.2042864356758154,0.2146514213063395,0.012845838716417222,0.08275091924737402,0.2813083389344046,0.13634854397088886,0.1774295179940284,0.1975799045305951,0.13981409437657596,0.16458813744007247,0.2065159405149836,0.27006154734820753,0.1052200535374105,0.06871589998242578,0.11514153093973305,0.13149541647814872,0.10158960143213618,0.19685457671831033,0.1488979497751236,0.11323689090306614,0.15082728923656924,0.10240780468057532
pants,0.23205880704312204,0.2903864781892232,0.32588662240317123,0.32412968022623967,0.27211775627953605,0.3425186281319182,0.2689923397777851,0.2917474194752854,0.23624025515656222,0.220825982723295,0.09042906668043678,0.20446154683395992,0.11668138178098113,0.06028624235252859,0.008961157091492766,0.22190221656350848,0.29155239266777827,0.21457834142022814,0.1359008227072267,0.13866983649761128,0.8828436120144162,1.0,0.8696007429956673,0.7127468825260511,0.7806267448402743,0.11666385055215686,0.29645477562095524,0.3029123225832174,0.10182706383162167,0.1867069433327757,0.24422941525764952,0.27127309880943856,0.19485713107524893,0.23158937693000983,0.21467951300593177,0.2833970904516506,0.25096095639450805,0.16361228038274403,0.21621375232252293,0.08568519692404522,0.006262858413982077,0.059501890962032844,0.26672676146375657,0.16040879778959607,0.15982949895934534,0.2145764641265666,0.1413227164638979,0.20038350053837076,0.1117530856295032,0.27879267537312297,0.10309085856853749,0.07316028236687067,0.11902596590690373,0.15263639187555195,0.11550923147243992,0.25155425690053185,0.13306268446903471,0.0917199272162508,0.16331698472972925,0.1339981754135672
skirt,0.20443577188117837,0.24894237231186933,0.2406762639050824,0.22740186369637536,0.230118482441314,0.3796371555974038,0.3451285045297487,0.3414760376534821,0.26943586547038084,0.2478211591235114,0.07323069034660194,0.17500938595527057,0.1177464356945604,0.04615907690738946,0.01601630557853034,0.2855273512745891,0.2637329184687072,0.2970830018517822,0.21490295525809897,0.26364044630355316,0.8593389656176483,0.8696007429956673,1.0,0.7450757864263703,0.816642187953144,0.11961784002508534,0.3273587429151743,0.3118300572874486,0.13108226840394235,0.19276689524581372,0.18631429936745433,0.3801834864194518,0.16809781742654703,0.20076102405264815,0.2284861464140874,0.3221372425795822,0.23546771248480255,0.2666590376540678,0.24884609929352244,0.07787411716062102,0.009100665104501112,0.07171713723704753,0.20435718403163922,0.13981866032368936,0.15720201434010145,0.25080332061518007,0.2110651202244339,0.23229951065277943,0.10029579484056403,0.2817042859381768,0.10710088962072553,0.06169257683005948,0.12299013716617298,0.1465560631954164,0.10231793477039955,0.20472461523408472,0.11975888571946916,0.0956701237166414,0.1542174940222341,0.12331447572761069
coat,0.35872342416349956,0.39284720446049115,0.4093062524400083,0.39686284488315715,0.38737203145394117,0.35104375710855584,0.31999286795536885,0.41924066969478024,0.2980490615464571,0.40394478204056794,0.10255483244504844,0.15652014224466834,0.16987941053831002,0.09567874734301406,0.06201263112725248,0.3159531615624906,0.2602775009175208,0.28409094068785956,0.24333696359260018,0.23507988256419088,0.7289109955777455,0.7127468825260511,0.7450757864263703,1.0,0.6713432190531355,0.13995515555065313,0.29841450645585277,0.35629844118133863,0.16376133733522905,0.2411092396436386,0.23628079011459005,0.37435468053303916,0.19629669994805218,0.2517923333596353,0.3098492268961291,0.38228825640237496,0.2970518055177707,0.40318230421514795,0.33376883489815806,0.13202777950340286,0.013290876392238764,0.09257597330861815,0.22519764299105194,0.15882841927807234,0.17506425582776344,0.21768131150232814,0.21243929944470838,0.22523818411481575,0.14680986602057716,0.2995053548259604,0.2101281033596122,0.13081087424555365,0.22147714812152075,0.22484111666137588,0.1795108938828951,0.19822564484081887,0.1342726342947052,0.10871607072406088,0.15720619402883126,0.1130424502963399
dress,0.2232624042137955,0.32217865168854914,0.2970669138926706,0.26736317453478115,0.2147486532814409,0.24388125299576496,0.22664142581800936,0.33871528256750805,0.19218263576623557,0.273667800184015,0.15940761125163827,0.11472509726525917,0.15697035021551808,0.11467634992248033,0.07419284087632481,0.22038113310123017,0.2667510342726763,0.19151555648186577,0.1761472105625322,0.20307881050247006,0.8116506423492411,0.7806267448402743,0.816642187953144,0.6713432190531355,1.0,0.12485351159789324,0.3313068578414773,0.31165101688569785,0.1765775565865358,0.20788740777412695,0.185049051751815,0.3568407716679127,0.17130516707964577,0.2160784572710907,0.2032739159522812,0.2591271308052098,0.1999228979626861,0.267815511593448,0.1904124628895856,0.10162682871205812,0.020924563473782187,0.07935615855891902,0.3323549949423959,0.09940110261761817,0.1775489195289474,0.13469231631978457,0.10681592745701417,0.10099082544072953,0.16953469840487964,0.2240801557850077,0.10464325907179124,0.06091068043790381,0.11451267434671983,0.13635953313279278,0.09800995285924594,0.18731893184838963,0.14430385120597775,0.11435179882704563,0.11535149254273383,0.09496145100391426
chair,0.181845722593832,0.16525063832357115,0.20332741171615615,0.18651640872264064,0.12397591466978168,0.2107811084843638,0.27755244694531933,0.2566148194878977,0.21175696322206872,0.16144238272154038,0.1294035925880331,0.0968110814693232,0.16400798277783898,0.20470578447565788,0.1325044074951272,0.23743328301534267,0.1894141506200626,0.09593992832853286,0.15609155297573418,0.1603385811107295,0.13385000827064866,0.11666385055215686,0.11961784002508534,0.13995515555065313,0.12485351159789324,1.0,0.2714153698733121,0.2990147545179763,0.2499867593261664,0.36429935297463517,0.14714383987088236,0.13730890047952432,0.12289490043282063,0.18031548441017253,0.10176741435794649,0.18309885288997682,0.13565413064707743,0.15122793846257376,0.14651793750396871,0.15661439116747847,0.07029966684014773,0.18534380508779072,0.2071207717879796,0.12040712689652838,0.4466397654899269,0.0898599125923716,0.08289216963950874,0.09087946418954693,0.29300164476858226,0.23474453614612414,0.03362313767731719,0.016941499801546828,0.07824529986181482,0.04521329948345673,0.03801338470831165,0.179578204163277,0.15387233965736366,0.14168490869347292,0.15900483681420038,0.10985090662972918
dresser,0.1924550294199089,0.1908686641948444,0.21482990516990452,0.18291575828535078,0.21570544285114482,0.18171704595314497,0.19273903244950336,0.25867464294288284,0.1816417537266086,0.1863761876641325,0.2558585081809366,0.39012477761479025,0.33612482165493174,0.10178249437651167,0.0674516330966444,0.4376117799803526,0.6194136554679962,0.40461371912063354,0.32770744715141065,0.32010170528047466,0.27472219248728563,0.29645477562095524,0.3273587429151743,0.29841450645585277,0.3313068578414773,0.2714153698733121,1.0,0.4461646303210173,0.30427836796168856,0.4842228132853685,0.25154371468031117,0.2552437487673978,0.08731002556537834,0.24188901329335485,0.24902340592579544,0.30600542928331476,0.2154258892507477,0.32958518861540664,0.340368258429007,0.09101260210489813,0.03869137893004608,0.09177817423169661,0.18537959162674678,0.535141771265513,0.33752945923185723,0.31338622874174715,0.3227081293007657,0.26335694310213426,0.11639905621653436,0.3445765123509381,0.10621144913170923,0.08595936040158682,0.14378336307103526,0.1498048019953034,0.11688779442012423,0.2563720279123227,0.10247095327769902,0.09836159321842435,0.19419849430348204,0.2062080300637705
bed,0.3043318702634718,0.3328025236450951,0.39180892480529195,0.3826890663729548,0.2882624899715625,0.35959746732956005,0.37423401087546715,0.48596939497909614,0.3937599433019813,0.31166768667474387,0.4962647354643691,0.22907793117586076,0.434974628895775,0.25572975219257027,0.08702930630676105,0.5206945049225778,0.47352951709144864,0.3195710350025853,0.3592208701092908,0.25357002604624174,0.2784197461367634,0.3029123225832174,0.3118300572874486,0.35629844118133863,0.31165101688569785,0.2990147545179763,0.4461646303210173,1.0,0.384320302137526,0.4832191679839789,0.22429494683744178,0.2691799853175245,0.22798975494290113,0.2623216530875358,0.22486590540765314,0.33013556697164165,0.2923204582698805,0.3446204041710755,0.2879888148172961,0.1030920431773006,0.050635068048138415,0.12441847279335819,0.3184212232675271,0.33554728441239673,0.22085004701328775,0.18143556588494325,0.17859056281939023,0.1402138221951581,0.200199969560975,0.25930669917085547,0.1933148354640742,0.1639789297920087,0.24812682402426542,0.22529301047322803,0.2241345271936533,0.22823793929035072,0.2570728540348986,0.21300616696718797,0.24468371044561107,0.14947301513350636
table,0.21966678656264263,0.161137778599828,0.2114485821898812,0.1824440128488704,0.14003108469692316,0.24236152763541363,0.24545632148490248,0.3463777445605594,0.2510099805511039,0.17196384261333347,0.13663964746384913,0.1181031170058582,0.1707888611861816,0.11930940305400323,0.07798117091131271,0.34220070339192654,0.2380280861523074,0.20422835270793457,0.408909050428082,0.20406337596355342,0.14212980965334687,0.10182706383162167,0.13108226840394235,0.16376133733522905,0.1765775565865358,0.2499867593261664,0.30427836796168856,0.384320302137526,1.0,0.4083203670297313,0.14382141490720904,0.152784798853007,0.10101587191237979,0.11379968865520669,0.11883280987509251,0.22496646413275165,0.19930480159712186,0.2884675214541831,0.22270801756846365,0.2018269993189204,0.06152942397542413,0.3855307411985836,0.22168507942243892,0.23299160134828942,0.1584949999324811,0.1368571164066809,0.15003192996205544,0.09063806357444776,0.14180217856253943,0.18638115863530116,0.07508205989545395,0.05436318103684054,0.10063586542903186,0.08846716229997027,0.07311193953373739,0.16593856606561028,0.20294036997083467,0.14170643094430435,0.16395263318881237,0.10842163377503665
desk,0.24035963538053357,0.20593300931906997,0.2794567548972639,0.26743375574541367,0.1808348732127778,0.2829552892740353,0.393547574149299,0.41828679187963846,0.2800718917735207,0.2773258902626883,0.24857039214155008,0.2150416606371835,0.2404821074648241,0.1500422766877344,0.0828040434334875,0.569018758492793,0.5106857509213143,0.297806203771357,0.4428698875422113,0.25412068647649155,0.21091911428500587,0.1867069433327757,0.19276689524581372,0.2411092396436386,0.20788740777412695,0.36429935297463517,0.4842228132853685,0.4832191679839789,0.4083203670297313,1.0,0.20505513516417712,0.18946769926363327,0.1910013471606053,0.17862793706711572,0.16739527085746714,0.34540993865113645,0.2390276898651261,0.3205078757132077,0.273662669344791,0.08765760146049327,0.23378903656901945,0.24808588154595568,0.33575645064917103,0.4358090521297313,0.30190991889129115,0.2867458987202156,0.18549818393565018,0.21348919309370892,0.1588050688144972,0.29725612294650766,0.06652201331797067,0.03710959867939092,0.11807178547410986,0.09475444118574583,0.07275838899169541,0.3047275947083234,0.2961266603859076,0.25180049667656257,0.2838875307621293,0.23409977491494244
ant,0.2629360701267488,0.4433441894518272,0.48430336954379,0.38102471407324773,0.3756600566355787,0.18171913049846752,0.2024430136008828,0.19692137604121965,0.2009504329056966,0.27962731724523127,0.12381343824983267,0.3473904179467279,0.2641170045217985,0.09410256711212359,0.049593089648727884,0.15363771542824023,0.30489596417882814,0.2128941539568085,0.15047529258063772,0.17769104633939514,0.19039054819877338,0.24422941525764952,0.18631429936745433,0.23628079011459005,0.185049051751815,0.14714383987088236,0.25154371468031117,0.22429494683744178,0.14382141490720904,0.20505513516417712,1.0,0.6396495749559227,0.39870149378315084,0.753725498687232,0.742445634214259,0.303046801839834,0.17941908818603958,0.13947832374248212,0.3141280195041555,0.10416759964649511,0.021253585717750153,0.16195500312453365,0.3210868262435079,0.13796992631722035,0.2651691117246448,0.2515472713637745,0.2644283494733804,0.2026028683998536,0.22967480119182385,0.3930354270755208,0.19603973220347698,0.11507415127104811,0.2531102876601253,0.2769920810943798,0.1916829255417861,0.19499907786388512,0.11788981573115635,0.11525678395629366,0.20464427511983732,0.24425576506274677
butterfly,0.3468959164050882,0.49212336932996337,0.44493015087830295,0.3745646770271414,0.3513814912430967,0.28116389546798554,0.281455307588496,0.3014374940143901,0.277491842446492,0.3660972750806958,0.14135974621036032,0.25729148028767523,0.32510655471815647,0.11691306287251814,0.053501464673550235,0.24307924921001042,0.2350699863219982,0.2678332251889036,0.19350358817055713,0.2711838344501457,0.3053360032588948,0.27127309880943856,0.3801834864194518,0.37435468053303916,0.3568407716679127,0.13730890047952432,0.2552437487673978,0.2691799853175245,0.152784798853007,0.18946769926363327,0.6396495749559227,1.0,0.43227548243070957,0.6622961737714345,0.7190246259344405,0.3504822679826904,0.25141425686640734,0.3193504079237772,0.3187238764749395,0.1491586251168639,0.02752955676894005,0.15925352755028713,0.3608519339180407,0.10189087892904884,0.2815275733534383,0.2634042903403831,0.2542205748426835,0.24534270922360604,0.23400896975136407,0.40878444696881266,0.191874043800293,0.11952576177022349,0.24174028427929276,0.2545649672149102,0.202411175974881,0.25925859703074455,0.13179858543896242,0.13167682838457365,0.17903181833321838,0.2561056941227433
fly,0.23454207689746373,0.3304407339760826,0.28973267771845984,0.2615757496115503,0.2101208582992315,0.23777585947110066,0.24627203679686907,0.24589780730282282,0.24955199173927686,0.26617861525306563,0.17308609455036467,0.1153480685304632,0.20344723435457746,0.08813715454465867,0.052476735990397046,0.18414800602702783,0.13618892215828635,0.1662114620497241,0.13455539361926042,0.1349286957711531,0.17702370097062212,0.19485713107524893,0.16809781742654703,0.19629669994805218,0.17130516707964577,0.12289490043282063,0.08731002556537834,0.22798975494290113,0.10101587191237979,0.1910013471606053,0.39870149378315084,0.43227548243070957,1.0,0.4135093453232716,0.36606604035270934,0.23879048122820673,0.1856855159058779,0.17395112012824965,0.18372455030655482,0.12137582694148698,0.03280104959229437,0.10238181729859656,0.43432156416747936,0.08144954482567884,0.19293639975228555,0.14657020752792785,0.1644131139353535,0.16683921503800125,0.2706786719719221,0.26638501611001003,0.12768582444415585,0.07596755070062437,0.1826805011677838,0.17201461927366504,0.1310749235963091,0.22106212658358712,0.2291279227649259,0.33230420915306913,0.2222172842345415,0.6063223310845456
