term,horse,bear,cat,dog,cow,leg,arm,hand,foot,eye,apartment,igloo,barn,house,church,door,closet,chimney,window,arch,shirt,pants,skirt,coat,dress,chair,dresser,bed,table,desk,ant,butterfly,fly,bee,beetle,knife,bottle,glass,spoon,cup,telephone,key,watch,refrigerator,bell,screwdriver,chisel,pliers,saw,hammer,tomato,celery,corn,carrot,lettuce,bicycle,car,train,truck,airplane
horse,0.0,-0.028604692499866413,0.022749140936646706,0.05147998976284507,-0.17838951793679747,-0.02952083800645322,-0.16916962512574463,0.05393755061016303,-0.029505316078639376,-0.2451783305742603,0.08689386566082702,0.019560804283602296,0.07550002944506917,0.06061315764841224,0.040896897814957534,0.012518066522262727,-0.07538377683705666,0.06329068646006097,0.016200190986929264,0.034196007823156016,0.08908392116468722,-0.03279182812556525,0.08995634058208923,0.01855037215208344,0.03218637031115368,0.09771541223456082,0.08744525619070531,-0.0501382897707815,0.047167056015351094,0.05054250247413472,0.011856835770903906,-0.023883305969139568,0.08827098351500695,0.12594774732875336,-0.0022941140146776062,-0.061305381806783577,0.09106035969382431,0.13410482610383045,0.06172597741456587,0.04693918998216495,0.12204468860956619,0.16504457976558795,-0.011620081501177437,0.21269913267317708,0.005419913394440812,0.09723355050743665,0.1305620905484548,0.023768107862037202,-0.04342791911287591,0.07920499829991157,-0.14454331190992042,-0.18533289032748057,-0.2098452974743119,-0.1047663867228179,-0.18577571370677382,0.07410598820090253,0.16823992808635913,-0.04464661393828573,0.10516275563120459,0.16172788962930695
bear,-0.028604692499866413,0.0,-0.13230916992463604,-0.12900921793988962,-0.40278840652242826,-0.01435558203420828,-0.3445253748743391,-0.1516937292038817,0.013700154034280154,-0.19877960530975514,0.04152008466530943,0.021332172662460458,0.12738058892239335,0.03188110748076478,0.07965115434606118,-0.04810881684060242,-0.07028745585471152,0.015913768216314295,0.02541866942917803,-0.06835213738070711,-0.07708783344129666,-0.07749372123100406,0.049718725011118514,-0.1361606039865184,-0.07555687924206178,-0.10092353138456267,-0.12155470236955368,-0.06572907817229301,-0.008523684267540799,-0.06504718594726977,-0.18431986691486502,-0.08699967018825172,0.0030632277135466124,0.04738075284621679,-0.09972262227696171,-0.1678007524085957,-0.07215825143064702,-0.017826975301186487,-0.08625444107314151,-0.07818926826435335,0.06715239618430147,-0.01830992996712333,-0.040908336088317454,0.07995883297991258,-0.028077650978240776,-0.06081560483714277,0.14616663347003378,-0.20211455509410559,-0.11462528014231521,0.07754175548093523,-0.2766858276334423,-0.2828778495316203,-0.2158323345704194,-0.21845246504652438,-0.2736320148745888,-0.03168161789916468,0.13280535344157873,0.058202387834624725,0.15234486956741455,0.2192665118046695
cat,0.022749140936646706,-0.13230916992463604,0.0,-0.014550211782072164,-0.07360834132332794,-0.016472208883870687,-0.13260046733274822,-0.025707396565981422,0.02909457298208995,-0.19113621925276325,0.0930875498406597,0.03885069651818718,0.07992940015790861,-0.05228245969756784,0.16822923995430783,0.07049071511228622,-0.014446348979894164,0.10791514974422078,0.011382816434140963,0.010909770430563848,0.08656974088224278,0.049185588951621395,0.021332933223245254,0.06589341883915323,0.05227682448684512,-0.04237923330461224,0.10228342953868286,-0.018192881872104216,0.1092931025926015,0.07658742351615921,0.04401152832366739,-0.3316020130387305,0.05645704003411256,0.0291807300069431,0.12589169189350846,0.004413739713995057,-0.0005306361836445728,-0.04446015310794271,-0.00041441116658347266,-0.022457606050656942,0.18458596525425275,-0.015971947257008123,-0.04250815187219514,0.18695715981551242,-0.03590545079597507,0.09691792446876102,0.17029300251757395,0.09807092073434753,-0.0545164636536809,0.12278423407624617,-0.18421560404370363,-0.17250714979103599,-0.2214444360865392,-0.23905330574871408,-0.20997209036100317,0.0005562086037338432,0.050944831535521984,0.039946573086776516,0.14138071259250085,0.06745021383445904
dog,0.05147998976284507,-0.12900921793988962,-0.014550211782072164,0.0,-0.16127054860803802,-0.1204077315741936,-0.1668213422977607,-0.027766585691031076,-0.047689475286152416,-0.3342923031107656,0.08201661868246657,-0.039781737693514785,0.12829202844265486,-0.012936133701680896,0.12409437555677338,-0.011737682724661469,-0.1306386364103066,0.10014276801175814,-0.04850380210828198,-0.0068371849977527654,0.020571788666398416,-0.07080622767923361,-0.005967919259421417,0.01083920675441874,-0.006107724419471605,-0.07658662106355463,0.04394323055943439,-0.036136976243694385,-0.0006138138987205055,-0.004475646287222523,-0.11106970458337273,-0.2294034587688103,0.03637269544259725,-0.003436290281545795,-0.024605377643408755,-0.12826833546521776,-0.020405772480659445,0.006847367845302377,-0.012553249240141229,-0.019264848809562585,0.15220623123235943,0.04598220790943708,-0.11611457656009727,0.217714707903932,-0.05541181605711243,0.0570579181967924,0.125115777433079,-0.00015662102678248857,-0.14190469425395735,0.1061920186748887,-0.1476245442601387,-0.13957536970168538,-0.10510753079441304,-0.11974774741901595,-0.1998461989355177,0.024575251044475332,0.14991572029683686,-0.041403765314089847,0.10724990976283233,0.10076900237417297
cow,-0.17838951793679747,-0.40278840652242826,-0.07360834132332794,-0.16127054860803802,0.0,-0.10051894928542793,-0.21445450403806465,-0.22524285478970874,-0.05634805595123615,-0.14911634250464478,-0.02303571127949966,-0.030709796683922264,-0.016763924651271744,-0.15194016849920167,0.03834731385453116,-0.107851870814348,-0.013368247846992976,0.058076166644813076,-0.0941257266262161,0.003582140791797195,-0.08489574527654498,-0.13454217293048998,-0.22932994347235502,-0.15805733542414935,-0.1837525578179624,-0.22867842541665517,-0.08665918758693525,-0.26069531715061356,-0.051705448940958076,0.01903585737832325,0.012181065676993952,-0.4655395180096736,-0.019764395520218137,-0.047988247712479115,0.012862854866512285,-0.04772388190653021,-0.09531831135174251,-0.1356332484474968,-0.1337946601975113,-0.12043691999138839,0.061872560688467027,-0.18737745508721282,-0.13230839454787424,0.01877833612421631,-0.14093938572166753,-0.05767703679000857,-0.1241853083620984,-0.10784166622662494,-0.15883305881332155,-0.07703783538758546,-0.2463595266782076,-0.21167169962050125,-0.30916151334106845,-0.31946909371623616,-0.295844741479312,-0.17698963843715798,-0.06556201479961354,0.07714040731186644,0.07763904359420659,0.02793494151849163
leg,-0.02952083800645322,-0.01435558203420828,-0.016472208883870687,-0.1204077315741936,-0.10051894928542793,0.0,-0.18561191818023315,-0.061950130436569606,0.043306491699172,0.005443759832119421,0.12100852395295913,0.19202975805512257,0.04467658246930306,0.06868431330028568,-0.04854347018791538,-0.07993257930177411,0.05528688342696253,0.11398380733247548,0.029204853300337397,0.07690213642258481,0.08316188769290045,0.07664463433802682,-0.03904163325804777,0.027711783355056974,0.06286567143004096,0.014504800663789452,0.14085684693341272,0.07471744831910199,0.11402960574472576,0.10179380871346799,0.1614715129487947,-0.15923182171744177,0.018801651402538866,-0.0048317856702602135,0.13224798562783557,-0.07489807083191957,-0.020906854784617956,0.015582884923457274,0.0029833387094049257,-0.02678112430668933,-0.028236378608462953,-0.0059382158793688244,0.07743281891918707,0.10106879753366205,-0.29229111682755315,0.09101805476725078,0.05421671844721698,-0.0036195090262741703,-0.09827938637837286,-0.08497326098971603,-0.047954853299738254,-0.11804621195355247,-0.015412224942371378,-0.11498691731216726,-0.0429369242395059,0.027260914441645134,-0.051379603003284924,-0.2235784129002284,0.027612550838015837,0.011529347379824806
arm,-0.16916962512574463,-0.3445253748743391,-0.13260046733274822,-0.1668213422977607,-0.21445450403806465,-0.18561191818023315,0.0,0.027587616796958758,-0.18279856930951188,-0.30068200497145625,-0.05680554696151985,-0.05247815481556051,-0.21272120564030583,-0.10944035001289332,-0.1444213481037575,-0.031197411291488564,-0.07418064703125271,-0.06824643710809186,-0.10488331949342034,-0.14720648202861475,0.02765981880324242,-0.05070839137566696,-0.16018071259205025,0.0475754797606911,0.024811953420745048,-0.07531003932817315,0.08010191619620655,-0.012599762761730027,0.05154678833085058,0.06622682963721427,0.06283200715963588,-0.32631893377585053,-0.06101117897013053,-0.15318181624878313,0.018574142914555503,-0.028718393965695088,0.01976410284321739,-0.10342829048042512,0.025517104797249224,0.006256953783079111,-0.06492416198595585,-0.07997104884830575,-0.1938882031884258,0.08179270259402782,-0.3929728504320741,0.12540419249263102,0.06064725041328345,0.1495335659460555,-0.2270856865748926,-0.06210236715866302,-0.16036368079576935,-0.23155297063699248,-0.17114079462006537,-0.18916805054338992,-0.23813078117470793,0.0632635719980652,-0.13261547738780677,-0.3672697779912253,-0.13823247496750535,-0.19222732868891235
hand,0.05393755061016303,-0.1516937292038817,-0.025707396565981422,-0.027766585691031076,-0.22524285478970874,-0.061950130436569606,0.027587616796958758,0.0,-0.09495254079999516,-0.2549869839838368,0.1404377647803503,0.12498323569548764,-0.010063434438393748,0.04504911390102939,-0.09873622367291612,0.10555826318018569,0.021236246670152115,0.059456922958098235,0.07146811269266895,0.047887020248170487,0.1464883101702874,0.05696606880234256,0.14059621550488233,0.1479940735372285,0.16149098948793073,0.10986864286624232,0.175775394774897,0.08719887232005197,0.09756704191885957,0.13536243745109544,0.07144195561403754,-0.08423617218247825,0.047905559889615534,0.0005432195576980936,0.03951569534928212,0.0048879934911827405,0.13893143774593986,0.08140330546288521,0.15436361400504917,0.13879033343367875,0.035586209656212175,0.09979334566391451,-0.02744047877712963,0.20169696148585214,-0.23204882952950956,0.1974131345308594,0.14789475032099286,0.1580527589232864,-0.07833341486446,0.06533526158336811,-0.08775036099788602,-0.18189231257611116,-0.08106539525276202,-0.1418229435435996,-0.17562424451241476,0.19546390763358024,0.055382434751485965,-0.2752766011357375,-0.02293363750786448,0.00044375377925898185
foot,-0.029505316078639376,0.013700154034280154,0.02909457298208995,-0.047689475286152416,-0.05634805595123615,0.043306491699172,-0.18279856930951188,-0.09495254079999516,0.0,-0.05544467448735202,0.10632040002631915,0.17598339698154675,0.06821926544542045,0.04005725758711254,-0.06984160979038134,-0.09107073178992786,0.07182537482301632,0.19733487123306293,0.017539858533374808,0.07530412833575972,0.14510023015924545,0.14913530545053455,0.10584370636700746,0.08191785167388776,0.11567895243932524,0.00084582322457738,0.12428280277227555,-0.05265928071172454,0.1126601076167576,0.10522108131606367,0.1747476060870361,-0.11148181942586421,0.06964142407306706,0.036221929301467726,0.14809712916383377,-0.06718075287833236,-0.019456347377043826,0.0005046653173594873,0.019425687525302493,-0.0061741405236207525,-0.01419039873844663,0.005591757016286669,0.07674110166934012,0.12668794742926037,-0.24916595663021324,0.0878858688142854,0.05519374923057596,0.013717598798462793,-0.1114671650253285,-0.0627353553302149,0.007896092038342517,-0.01929957807665994,0.004267048120243477,-0.02927643707003924,-0.0063287099084505805,-0.005662554176910084,-0.014360700506752089,-0.16305593838021692,0.048366647432205534,0.049742975639360365
eye,-0.2451783305742603,-0.19877960530975514,-0.19113621925276325,-0.3342923031107656,-0.14911634250464478,0.005443759832119421,-0.30068200497145625,-0.2549869839838368,-0.05544467448735202,0.0,0.02155708211815144,0.21692194503221773,-0.12907369875164476,-0.05796443978461474,-0.1483221376387266,-0.1654553545179176,0.15900413885111309,0.020519817231391735,-0.045080743160551995,-0.01002820601938792,-0.08748294364485565,0.04368003814735344,-0.0015113151571547467,-0.20297719876280573,-0.044390473650485984,-0.0551251826697543,0.0168948180084334,-0.15422898993599665,0.031054842700498964,0.05438746668166572,0.15684537253985553,-0.12329933446737162,-0.07038296556257129,-0.024342018699067824,0.0672643837074195,-0.12553196016275014,-0.13829245558082726,-0.13902437038575344,-0.1401627498795548,-0.23197787666419678,-0.18713531159589591,-0.2562146231598992,0.1364638451313045,-0.1374237589937759,-0.36044524941354267,-0.09304955079576827,-0.1578610729553266,-0.17095115769807656,-0.008281085585091774,-0.2724099709617365,-0.22304402762940284,-0.3085156459188807,-0.28672256009714964,-0.39111452498813326,-0.22394134647814368,-0.15688546995966024,-0.255110592022386,-0.1552704500314791,-0.042205938085015604,-0.031599921786004015
apartment,0.08689386566082702,0.04152008466530943,0.0930875498406597,0.08201661868246657,-0.02303571127949966,0.12100852395295913,-0.05680554696151985,0.1404377647803503,0.10632040002631915,0.02155708211815144,0.0,0.15348295912485066,0.08504941791421994,0.04538742071498025,-0.03618996795034224,-0.03669407406617653,0.06048592712520351,0.17550694627077768,0.12442842358267336,0.05906991554032537,0.16653548041762722,0.10110791050515833,0.19834131730714955,0.11313357054499407,0.1525586279736767,0.17461331040565353,0.1759288880898866,0.03472669718819055,0.16831220318772444,0.14095163437532743,0.1699566129339326,0.08868005399965984,0.10134701710893546,0.14040694857549874,0.09713240068751028,0.03424247376555112,0.14955815943696926,0.12363069672181048,0.14459959888985452,0.17128776313417649,0.018367552640673024,0.14415447066280496,0.1371173030959053,0.18206970061391048,-0.2062959271726602,0.17550564271111235,0.16309861581363116,0.08140183263588996,0.06363543191188792,0.0724579107405261,0.09694331682650026,0.0031303894170872093,0.09956392449671148,0.03730309591959169,0.023626048870029948,0.13622672992214524,0.0703171973553286,-0.131217592783073,0.08065270074670405,0.09028343552483054
igloo,0.019560804283602296,0.021332172662460458,0.03885069651818718,-0.039781737693514785,-0.030709796683922264,0.19202975805512257,-0.05247815481556051,0.12498323569548764,0.17598339698154675,0.21692194503221773,0.15348295912485066,0.0,0.02034899161675363,0.12527960161528706,-0.016451440157708275,0.027622958376779305,0.17479709404872368,0.1356129821892499,0.1887460812262406,0.12133925066282902,0.15722126279072068,0.1523720737157429,0.2022464427311943,0.06624207720951791,0.16479178826059893,0.15156209254749076,0.16418787091550913,0.0550380698910482,0.21196070082070384,0.21290081606920275,0.2283051272722817,0.04473801205405692,0.16769886927696442,0.1468812657756624,0.1502068002386885,0.08131986538608393,0.12136824556246262,0.11120434228344556,0.08098086265902549,0.11620895075388649,0.018553653643687995,0.10980232326253825,0.25392664153631184,0.08168529846367656,-0.17053125927687307,0.11446716048357264,0.05670309910877358,0.04140496214884126,0.13377943630846667,-0.004880808414768678,-0.026370179346396627,-0.1261350464272356,-0.04980463534003354,-0.13144150317273873,-0.062167969890913444,0.08271601836557763,0.02060107740020345,-0.0270198069959543,0.1184841324876883,0.11581706637930234
barn,0.07550002944506917,0.12738058892239335,0.07992940015790861,0.12829202844265486,-0.016763924651271744,0.04467658246930306,-0.21272120564030583,-0.010063434438393748,0.06821926544542045,-0.12907369875164476,0.08504941791421994,0.02034899161675363,0.0,-0.02068643922125568,-0.10076982538768031,-0.10340927161389357,-0.02138214524434312,0.13337467852102536,0.03646118697492262,-0.004524149764324137,0.03818144417887981,-0.05718299955022066,0.08931931531625481,-0.0206012111066205,-0.016196392113137725,0.030594881659364637,0.04008284264298356,-0.005911994127358322,0.05405994701799055,0.046312793447554235,0.03643631796300095,0.021219512666643237,0.08261991905278843,0.09478300233692938,0.013699701492342342,-0.08707603765840433,0.06062996288813072,0.03021822898770954,-0.0037654818277604862,0.04139455969383732,0.04585943781630575,0.09566502402766708,0.015351084308450336,0.16328444612610515,-0.15099522997421255,0.05270169123873891,0.0721642856069954,-0.01927417557048572,-0.015911648912215748,0.03402804673504667,0.007032413497145562,-0.043530910035832204,-0.007320907097422724,-0.0135853088080089,-0.08266571913316967,0.010061515269429333,0.11399010186942804,-0.06131992657385166,0.12071139761646221,0.1500765278482814
house,0.06061315764841224,0.03188110748076478,-0.05228245969756784,-0.012936133701680896,-0.15194016849920167,0.06868431330028568,-0.10944035001289332,0.04504911390102939,0.04005725758711254,-0.05796443978461474,0.04538742071498025,0.12527960161528706,-0.02068643922125568,0.0,-0.23843315948520916,-0.050285457654549615,0.020031346213043588,0.07800855868127066,0.09710309473944845,0.051557683876295446,0.11656045058451303,0.016867419110299098,0.181679757085769,0.024671267662684015,0.0706563629703102,0.08791721036828293,0.12222257041386164,-0.03593623783989297,0.029139972719717355,0.09648235742906974,0.14064402420509603,0.15274259549435254,0.07429337465885655,0.05221670433741887,0.040070511232306094,-0.021194251179210255,0.11111958747482598,0.09013970490826262,0.0668315416418388,0.08425473700532882,-0.07901864803704861,0.11135905283112202,0.015928391690325228,0.12086408010868677,-0.2336789894110285,0.1170218618797576,0.08432582646814268,0.04784327479612405,-0.04296664376739723,0.014131428067256091,-0.01633904732265079,-0.1252547012842692,-0.017758815172854936,-0.04436154267390868,-0.07209557089490748,0.14986443087631618,0.04634581617803768,-0.1911147220078685,0.0029913994492358764,0.06926618040003818
church,0.040896897814957534,0.07965115434606118,0.16822923995430783,0.12409437555677338,0.03834731385453116,-0.04854347018791538,-0.1444213481037575,-0.09873622367291612,-0.06984160979038134,-0.1483221376387266,-0.03618996795034224,-0.016451440157708275,-0.10076982538768031,-0.23843315948520916,0.0,-0.08497292197517403,-0.09387598068867231,-0.0200724000551481,-0.0684171782779196,-0.13447891837413328,-0.053796076847240415,-0.05778469469066971,-0.004138539569028099,-0.06137229302613789,-0.030270701754607554,-0.1095865280936007,0.011254932937025952,-0.11378450053315459,-0.01833466218600499,0.0055895670477987824,0.033056042642879535,-0.2535331900171895,0.10081184667739584,0.16684560774004886,0.05514734395087906,-0.031363775277950756,-0.003254784273156619,-0.05827402932312098,-0.043863975476075234,-0.08889866917487199,0.17884330532890036,-0.04886319803017558,-0.05323197125258594,0.16319075730221,0.04133224728308471,-0.0035167314251678405,0.1697026045049601,-0.007403994778956147,-0.02554612818971269,0.11320453960316046,-0.25911914810652187,-0.2721481724359377,-0.24132830530340416,-0.3102402835898,-0.28984798687989716,0.02100227765945384,0.10124881321432733,0.15144282555692978,0.20820204879043636,0.19012018983979329
door,0.012518066522262727,-0.04810881684060242,0.07049071511228622,-0.011737682724661469,-0.107851870814348,-0.07993257930177411,-0.031197411291488564,0.10555826318018569,-0.09107073178992786,-0.1654553545179176,-0.03669407406617653,0.027622958376779305,-0.10340927161389357,-0.050285457654549615,-0.08497292197517403,0.0,-0.031954281699400955,-0.06281885433899081,-0.014210861853231838,-0.12756246427101547,0.03512073391489401,0.006415395658064149,0.09888790767801503,0.020943464490081443,0.06996410735608904,0.05624176739925224,0.13010123461894973,-0.05662669754532201,0.10442278719321252,0.1356535592118231,0.1678873389850679,-0.16577855210266668,0.09372914479716654,0.11525882820659006,0.11348047052901711,0.14159259861126017,0.12379280540684534,-0.006648330664107416,0.11022156401844119,0.06682382516071383,0.0802068107616486,0.03366248739675326,0.054510938394215835,0.08492953253061042,-0.093686689269604,0.16582381547599967,0.16700616874021335,0.1896600409927648,0.04969283140654257,0.12976035526912522,-0.19153739180027646,-0.2808256293444979,-0.20806913390122012,-0.24588965418653524,-0.28240803520851204,0.07578723349935823,-0.0723916599676806,-0.0910829996143806,0.05697297548615399,0.057788583894790246
closet,-0.07538377683705666,-0.07028745585471152,-0.014446348979894164,-0.1306386364103066,-0.013368247846992976,0.05528688342696253,-0.07418064703125271,0.021236246670152115,0.07182537482301632,0.15900413885111309,0.06048592712520351,0.17479709404872368,-0.02138214524434312,0.020031346213043588,-0.09387598068867231,-0.031954281699400955,0.0,0.10605743509804266,0.0822086078939861,0.012619508344770991,0.03153272500843185,0.0649148259393415,0.11139592020178468,-0.028461048746875828,0.0556711441875104,-0.046373279321535565,-0.002138414835054614,-0.09473050439618691,0.05837160844599043,0.07603125556169976,0.26521455674640504,-0.12386849569871472,0.11717555401099455,0.08904242073385571,0.14249118008451667,0.06531090221321745,0.03559334828337968,-0.04946566752044357,-0.008211965177341574,0.010301748612981054,-0.04044499060545559,-0.052143614682418016,0.14400487180652333,-0.003158724394324186,-0.19405971065036665,0.06065729302389211,0.00033148263191640215,0.05672197857073469,0.0882417255501563,-0.0746029372753153,-0.0640854765862584,-0.1754845587087389,-0.11302098922484793,-0.22217203107045363,-0.15755343534524113,-0.05834645419733098,-0.14696730392439195,-0.07472282795799512,0.05361531519380691,0.0218715019899417
chimney,0.06329068646006097,0.015913768216314295,0.10791514974422078,0.10014276801175814,0.058076166644813076,0.11398380733247548,-0.06824643710809186,0.059456922958098235,0.19733487123306293,0.020519817231391735,0.17550694627077768,0.1356129821892499,0.13337467852102536,0.07800855868127066,-0.0200724000551481,-0.06281885433899081,0.10605743509804266,0.0,0.031438626905915146,0.06763661457707904,0.14100649722500203,0.14040060182481962,0.09804596415453726,0.08080943342064728,0.12108643951594,0.0910935040988039,0.0822173780977723,0.045433674125779144,0.1539646359482868,0.1534578867405897,0.2003116953596087,-0.11071407277597978,0.11151398055677675,0.05664954398184685,0.12805127300865826,0.007097516524594116,0.050206519065207456,-0.017616500188594952,0.03975526982506328,0.05247498645135351,0.0076613309115936,0.056692238423320385,0.12773354697510586,0.11926645238991418,-0.27729687875157577,0.08076881949067893,0.015185369913367941,0.05522197859537503,-0.044073492301188844,-0.04156342197888396,0.047160112234361895,0.03677271961162221,0.04329409057610589,-0.021801315234959207,-0.00427587098745974,0.021999907408078334,0.044782618287908305,-0.07547274498122836,0.09703717453051741,0.04627459393179911
window,0.016200190986929264,0.02541866942917803,0.011382816434140963,-0.04850380210828198,-0.0941257266262161,0.029204853300337397,-0.10488331949342034,0.07146811269266895,0.017539858533374808,-0.045080743160551995,0.12442842358267336,0.1887460812262406,0.03646118697492262,0.09710309473944845,-0.0684171782779196,-0.014210861853231838,0.0822086078939861,0.031438626905915146,0.0,0.04100001965773381,0.13069774414019353,0.08771302636919798,0.1996193041623543,0.05260438976906778,0.1449597195675547,0.13801317857174578,0.15538498558650837,0.016851500560425614,0.1221949872100605,0.13033151147984023,0.16991595118932934,0.06699577415866276,0.04675358020006681,0.14918635414337977,0.06093139747350207,0.006076371970498262,0.1617240922735379,0.09268312589597771,0.15927155199415954,0.14378582842208076,0.022719956461349833,0.08137403384645037,0.06724631764956335,0.09394221137774528,-0.24294322112227118,0.15625557935229595,0.12345188318737965,0.053559600343708214,0.04477323981909731,0.04198481502681162,-0.056989790752130065,-0.17140426091786587,-0.07685699930099099,-0.12511939460951615,-0.11692062836478267,0.12555760975299757,0.040873137408389826,-0.14358979886561152,0.059731658580950864,0.09179548162343243
arch,0.034196007823156016,-0.06835213738070711,0.010909770430563848,-0.0068371849977527654,0.003582140791797195,0.07690213642258481,-0.14720648202861475,0.047887020248170487,0.07530412833575972,-0.01002820601938792,0.05906991554032537,0.12133925066282902,-0.004524149764324137,0.051557683876295446,-0.13447891837413328,-0.12756246427101547,0.012619508344770991,0.06763661457707904,0.04100001965773381,0.0,0.14901525403618,0.11416231342504934,0.09800006417946194,0.035984071491235725,0.09494064482429942,0.10802892656536167,0.06593859812971126,-0.011846887426905095,0.090874043608138,0.12478490996685399,0.19567794618677192,0.023726611051616775,0.07611643082619401,0.08903543166218031,0.061787266209872294,-0.0420084874284784,0.10534546124642774,0.06950929009774698,0.09689727239961354,0.07724043340373199,-0.015616325985406299,0.09897011961744318,0.1100077853378375,0.11061352159146254,-0.34710302706376966,0.08117217282609779,-0.023732491856899518,0.0009065316041383387,-0.09696935057042011,-0.05671295290988121,-0.02451417011647239,-0.0683137817565318,-0.044972539027031355,-0.05844713575082239,-0.039665502761321414,0.09336850998351076,-0.016127016004800265,-0.11193053771119521,0.0383711401336887,0.08275623081232986
shirt,0.08908392116468722,-0.07708783344129666,0.08656974088224278,0.020571788666398416,-0.08489574527654498,0.08316188769290045,0.02765981880324242,0.1464883101702874,0.14510023015924545,-0.08748294364485565,0.16653548041762722,0.15722126279072068,0.03818144417887981,0.11656045058451303,-0.053796076847240415,0.03512073391489401,0.03153272500843185,0.14100649722500203,0.13069774414019353,0.14901525403618,0.0,-0.04508177876004049,-0.050778174022365064,0.06926775993572365,0.023518778406907193,0.22726590162384508,0.1816521770958952,0.08273014564420944,0.19148489564014792,0.16301789360214802,0.20075583816182607,-0.05786027790293391,0.011556961223852524,0.0012330963557960484,0.08520432593120753,0.0988307192311989,0.15013698230418082,0.16485192256909587,0.1908301329266341,0.18317123075928443,0.01229477873631335,0.1432672924878421,0.07859366857521743,0.08378008931351266,-0.3314167565059025,0.21319143243555905,0.16734302415007607,0.14380331688320058,-0.06820621307773123,0.05674745651268431,0.01203144100629705,-0.029159068501087404,0.003769930983586911,-0.02627777890801586,-0.011093432434925554,0.17360402350853255,0.05158480148211986,-0.24281762886722347,0.03366310818324425,-0.02126731721481112
pants,-0.03279182812556525,-0.07749372123100406,0.049185588951621395,-0.07080622767923361,-0.13454217293048998,0.07664463433802682,-0.05070839137566696,0.05696606880234256,0.14913530545053455,0.04368003814735344,0.10110791050515833,0.1523720737157429,-0.05718299955022066,0.016867419110299098,-0.05778469469066971,0.006415395658064149,0.0649148259393415,0.14040060182481962,0.08771302636919798,0.11416231342504934,-0.04508177876004049,0.0,-0.09146474642826852,0.00023129692381074207,0.016488433216532927,0.15412096096760253,0.1227865417678905,0.049096602277240775,0.19942905316299775,0.17432299177907118,0.21401396095155456,-0.18896329413365942,-0.008532859115967795,-0.045833740444325755,0.11182402857486262,0.07213331886423802,0.036979982684616886,0.061251832222755764,0.1203288339702181,0.054734759200817384,-0.0015209228228435512,0.0357057317279057,0.17935192769800645,-0.005136209112744372,-0.3613500181922855,0.13065620987264281,0.0961911040225697,0.08572359203881208,-0.020972809382274304,-0.02966033056862627,-0.08749130308386066,-0.09306348619665783,-0.10849750367384459,-0.1759699524579379,-0.07520645741117282,0.04000552160562343,-0.056224031483582015,-0.19246764812603612,0.03818480944261693,-0.0468958307765337
skirt,0.08995634058208923,0.049718725011118514,0.021332933223245254,-0.005967919259421417,-0.22932994347235502,-0.03904163325804777,-0.16018071259205025,0.14059621550488233,0.10584370636700746,-0.0015113151571547467,0.19834131730714955,0.2022464427311943,0.08931931531625481,0.181679757085769,-0.004138539569028099,0.09888790767801503,0.11139592020178468,0.09804596415453726,0.1996193041623543,0.09800006417946194,-0.050778174022365064,-0.09146474642826852,0.0,-0.05626495755559224,0.004101507610954402,0.1859975144017444,0.1197845666489804,0.045750199647822676,0.1726828449276826,0.17020910455221616,0.11553100586379339,0.0410069827013706,0.07048857062505254,0.10242970053983003,0.032526417747106406,0.02685923394495071,0.15171461821350218,0.13662498516048338,0.138333292903553,0.09202432541195982,0.01905312881453103,0.1412514382449499,0.18705772426538003,0.0977872549310137,-0.1912106104707081,0.12626748871892202,0.14640150637381266,0.029507101211530107,0.08291059395671674,0.07245639961159933,-0.10308425996932136,-0.19022597028973687,-0.11502595174601016,-0.18119580404602464,-0.15212174251242083,0.1410405396113935,0.10785361056646692,-0.12076217199731532,0.08232780816324259,0.12425310491916985
coat,0.01855037215208344,-0.1361606039865184,0.06589341883915323,0.01083920675441874,-0.15805733542414935,0.027711783355056974,0.0475754797606911,0.1479940735372285,0.08191785167388776,-0.20297719876280573,0.11313357054499407,0.06624207720951791,-0.0206012111066205,0.024671267662684015,-0.06137229302613789,0.020943464490081443,-0.028461048746875828,0.08080943342064728,0.05260438976906778,0.035984071491235725,0.06926775993572365,0.00023129692381074207,-0.05626495755559224,0.0,0.049740350926869015,0.1828851237774305,0.13338748924533372,0.07159853323286602,0.1687991812210209,0.1446412041141062,0.126247024714231,-0.1849432995367789,-0.036821225340327834,-0.06976394931113161,0.02364621486056462,0.08740961174675455,0.11668052278842012,0.07542092116632026,0.130385977526431,0.14273160985920252,0.03926816207436079,0.11516681774927795,0.04511510760070159,0.10082718563556603,-0.3502065259626437,0.2018075229659757,0.16999882618807494,0.16160207627202328,-0.08250326926483498,0.05940236593418513,-0.06744138654127918,-0.0880452496941374,-0.08007461307637975,-0.10523899192814168,-0.09488969048252394,0.16493282017095323,0.04745022821186018,-0.28381785124310815,0.021093624087361262,-0.06287677498125588
dress,0.03218637031115368,-0.07555687924206178,0.05227682448684512,-0.006107724419471605,-0.1837525578179624,0.06286567143004096,0.024811953420745048,0.16149098948793073,0.11567895243932524,-0.044390473650485984,0.1525586279736767,0.16479178826059893,-0.016196392113137725,0.0706563629703102,-0.030270701754607554,0.06996410735608904,0.0556711441875104,0.12108643951594,0.1449597195675547,0.09494064482429942,0.023518778406907193,0.016488433216532927,0.004101507610954402,0.049740350926869015,0.0,0.22177177550151705,0.17093092058399395,0.10014654101945719,0.1888665935979853,0.17539763004583664,0.14883715541594622,-0.0687092071766916,0.027332881483121407,0.013220386921189542,0.0560068963621595,0.08754912643701329,0.14177230809189745,0.14076868634544104,0.20854915772850036,0.15714979001152174,0.038715444446485114,0.14496247116662553,0.1459883320486567,0.0994461049087274,-0.26751752337851525,0.21204293632497073,0.16115685796578172,0.13631241341088574,-0.008869529455998948,0.07286317303738021,-0.04654054771215299,-0.10615932621074586,-0.13648663285788765,-0.10709502191831277,-0.08003772694189837,0.1789505502516867,0.06433308194072274,-0.2594905813854549,0.048711058090769255,0.02474911199797447
chair,0.09771541223456082,-0.10092353138456267,-0.04237923330461224,-0.07658662106355463,-0.22867842541665517,0.014504800663789452,-0.07531003932817315,0.10986864286624232,0.00084582322457738,-0.0551251826697543,0.17461331040565353,0.15156209254749076,0.030594881659364637,0.08791721036828293,-0.1095865280936007,0.05624176739925224,-0.046373279321535565,0.0910935040988039,0.13801317857174578,0.10802892656536167,0.22726590162384508,0.15412096096760253,0.1859975144017444,0.1828851237774305,0.22177177550151705,0.0,0.10005029915997754,0.04294566338595984,0.06816563098444128,0.04130370639408265,0.09370477910577135,0.02159849205279818,0.0033922951885007047,-0.003150601584250623,0.022118401045513325,-0.03883863198302073,0.16894438142882418,0.17432083901402906,0.17433383750283238,0.1785080829116995,0.027313658390022644,0.13144726873557488,0.024472107232563878,0.15976315327574508,-0.2962697799811107,0.1882772791024444,0.14694725295698752,0.08747089939928177,-0.02997265353989187,0.029475087415854473,-0.04643898077254249,-0.13449993645660385,-0.05050608385719102,-0.08903025073254878,-0.09336826672551113,0.19981845720442393,0.07900520209253903,-0.27147921103580597,0.007743038805272828,-0.003895682789149757
dresser,0.08744525619070531,-0.12155470236955368,0.10228342953868286,0.04394323055943439,-0.08665918758693525,0.14085684693341272,0.08010191619620655,0.175775394774897,0.12428280277227555,0.0168948180084334,0.1759288880898866,0.16418787091550913,0.04008284264298356,0.12222257041386164,0.011254932937025952,0.13010123461894973,-0.002138414835054614,0.0822173780977723,0.15538498558650837,0.06593859812971126,0.1816521770958952,0.1227865417678905,0.1197845666489804,0.13338748924533372,0.17093092058399395,0.10005029915997754,0.0,0.055054172075727936,0.10947482348221549,0.08324214590826173,0.13763243684099846,-0.11459947505824519,0.15599084304201583,0.014675785343449932,0.13296493472486215,0.12359042795957398,0.14903566256056944,0.1183385917054326,0.13710036032447348,0.16610238502395558,0.10371094549663418,0.1392738538437054,0.1529402511285468,0.14755282355842358,-0.1386947414190165,0.21348974999110026,0.13484989007354953,0.11615072109062186,0.13509198829647384,0.10112062334672112,-0.08503316752703971,-0.18357214186910387,-0.08434835270645313,-0.1635829971492534,-0.15542533098790912,0.1519611016150615,0.08745555336078115,-0.1294677526495882,0.10075746413747799,0.05918622913745719
bed,-0.0501382897707815,-0.06572907817229301,-0.018192881872104216,-0.036136976243694385,-0.26069531715061356,0.07471744831910199,-0.012599762761730027,0.08719887232005197,-0.05265928071172454,-0.15422898993599665,0.03472669718819055,0.0550380698910482,-0.005911994127358322,-0.03593623783989297,-0.11378450053315459,-0.05662669754532201,-0.09473050439618691,0.045433674125779144,0.016851500560425614,-0.011846887426905095,0.08273014564420944,0.049096602277240775,0.045750199647822676,0.07159853323286602,0.10014654101945719,0.04294566338595984,0.055054172075727936,0.0,0.03767012035121131,0.014715015034281409,0.022723771142927784,-0.07991801217688421,-0.01675580142520916,-0.10712742686819954,-0.009782445781246873,-0.023608565516454183,0.059848386937093156,0.0331042810629103,0.0914128001730996,0.1019057779712107,0.0031082484420958956,0.10017100793375378,0.05088008346835804,0.1195164362021719,-0.2839535491324646,0.17028619087785501,0.1458832203411229,0.08391094535417165,0.01367780849559963,0.04832083471736581,-0.039103945206831914,-0.10687593338212786,-0.033411388630746996,-0.09813436282234211,-0.13053116308227752,0.10297167292436304,0.0020530176412187906,-0.3149294143923478,-0.009381165883611375,-0.006851928459047363
table,0.047167056015351094,-0.008523684267540799,0.1092931025926015,-0.0006138138987205055,-0.051705448940958076,0.11402960574472576,0.05154678833085058,0.09756704191885957,0.1126601076167576,0.031054842700498964,0.16831220318772444,0.21196070082070384,0.05405994701799055,0.029139972719717355,-0.01833466218600499,0.10442278719321252,0.05837160844599043,0.1539646359482868,0.1221949872100605,0.090874043608138,0.19148489564014792,0.19942905316299775,0.1726828449276826,0.1687991812210209,0.1888665935979853,0.06816563098444128,0.10947482348221549,0.03767012035121131,0.0,0.06589599091203813,0.25336090811738565,-0.0888363862204885,0.09977680440950809,-0.03252428497165338,0.16846014433225276,0.1287070772051896,0.12651393362595476,0.06657383199568612,0.09739594125569306,0.07344089937927101,0.058409358149181134,0.038949500990868025,0.11955001708159674,0.16837868035608095,-0.17621345223422646,0.20214802564591705,0.17130392483796664,0.1874395263399926,0.05929280060405051,0.0627076011360318,-0.019366241047188204,-0.07668007780569364,-0.12810697435554275,-0.1173049804274886,-0.060482190230575994,0.13087945777373666,0.03602417215691023,-0.12421494057619553,0.11297780529329948,0.04921175879243278
desk,0.05054250247413472,-0.06504718594726977,0.07658742351615921,-0.004475646287222523,0.01903585737832325,0.10179380871346799,0.06622682963721427,0.13536243745109544,0.10522108131606367,0.05438746668166572,0.14095163437532743,0.21290081606920275,0.046312793447554235,0.09648235742906974,0.0055895670477987824,0.1356535592118231,0.07603125556169976,0.1534578867405897,0.13033151147984023,0.12478490996685399,0.16301789360214802,0.17432299177907118,0.17020910455221616,0.1446412041141062,0.17539763004583664,0.04130370639408265,0.08324214590826173,0.014715015034281409,0.06589599091203813,0.0,0.28254930297652625,-0.10264193379043507,0.1488185636041891,0.10067430168436198,0.1896467411294862,0.1527897676583332,0.1422636414950671,0.06082901995024104,0.13349658001067066,0.10446373714598767,0.036740391670995964,0.06354300117578626,0.1303553707866647,0.13360450671429003,-0.1601152345953344,0.2026852431362488,0.12302434032260179,0.19512479741123356,0.0763423100898164,0.07249164676258468,-0.007390727209989234,-0.07327967959781156,-0.03173535900545188,-0.0995968743355592,-0.0801054434170313,0.10591779124394007,0.0011902677306442344,-0.09859984094932261,0.07769146110381175,0.040687531883548456
ant,0.011856835770903906,-0.18431986691486502,0.04401152832366739,-0.11106970458337273,0.012181065676993952,0.1614715129487947,0.06283200715963588,0.07144195561403754,0.1747476060870361,0.15684537253985553,0.1699566129339326,0.2283051272722817,0.03643631796300095,0.14064402420509603,0.033056042642879535,0.1678873389850679,0.26521455674640504,0.2003116953596087,0.16991595118932934,0.19567794618677192,0.20075583816182607,0.21401396095155456,0.11553100586379339,0.126247024714231,0.14883715541594622,0.09370477910577135,0.13763243684099846,0.022723771142927784,0.25336090811738565,0.28254930297652625,0.0,-0.384526410425936,-0.003762336240228925,-0.15777423717218686,0.04082829675034039,0.20499724569775357,0.14521332550362576,0.08249387325689017,0.09635260455301309,0.08433065573841725,0.0787276594329116,0.017497602981537685,0.13844766219037086,0.11753021658022444,-0.18900872753375952,0.16558057695690487,0.05504160120597146,0.12515641910182485,0.05652134446713186,0.02115352949517657,-0.14875838608472702,-0.17979976926700159,-0.18972575905855693,-0.2731370782904918,-0.16395225993012763,0.0931022479906507,0.0052061252255748425,0.02437814988743836,0.15189038617135486,0.06030088935801203
butterfly,-0.023883305969139568,-0.08699967018825172,-0.3316020130387305,-0.2294034587688103,-0.4655395180096736,-0.15923182171744177,-0.32631893377585053,-0.08423617218247825,-0.11148181942586421,-0.12329933446737162,0.08868005399965984,0.04473801205405692,0.021219512666643237,0.15274259549435254,-0.2535331900171895,-0.16577855210266668,-0.12386849569871472,-0.11071407277597978,0.06699577415866276,0.023726611051616775,-0.05786027790293391,-0.18896329413365942,0.0410069827013706,-0.1849432995367789,-0.0687092071766916,0.02159849205279818,-0.11459947505824519,-0.07991801217688421,-0.0888363862204885,-0.10264193379043507,-0.384526410425936,0.0,-0.2223687311012591,-0.1952658266079702,-0.47699183704683124,-0.3540435767932286,-0.034909731773763664,0.11265962507427918,-0.05597047198493299,0.011907826095050478,-0.24384889673565763,0.10727838967395242,-0.07253168422946743,-0.009603746432580329,-0.29795988089839287,-0.10024697783932424,-0.14335672830900648,-0.3732098900702787,-0.08147013212184684,-0.21694549817082553,-0.15944568770268508,-0.31453254052348506,-0.11151702790703022,-0.11516115159301699,-0.1922223679635915,0.03682013913288684,0.05226816287299585,-0.3285210744924534,-0.15169886906042995,0.027802488085967414
