term,horse,bear,cat,dog,cow,leg,arm,hand,foot,eye,apartment,igloo,barn,house,church,door,closet,chimney,window,arch,shirt,pants,skirt,coat,dress,chair,dresser,bed,table,desk,ant,butterfly,fly,bee,beetle,knife,bottle,glass,spoon,cup,telephone,key,watch,refrigerator,bell,screwdriver,chisel,pliers,saw,hammer,tomato,celery,corn,carrot,lettuce,bicycle,car,train,truck,airplane
horse,0.0,-0.041529328617117,0.09597471615203862,0.10285485643298042,0.008978943283689811,0.05399473664646795,-0.01460445366905841,0.040977015255971166,0.061776609596877474,0.09064151762868042,-0.048187077928278185,-0.15478311220283822,0.1877129971396325,0.059527017754919614,-0.045038854103136745,-0.0072003932364795575,-0.0042196822201004125,-0.02552482745958609,-0.05022058805242867,-0.040414696232747474,0.01951285637970601,0.05250251347906165,-0.01619362198496621,0.06719013701428042,0.07889990219036233,0.029801734449758616,-0.052947675875244404,0.05519353356114001,0.05108145773887343,-0.06803016570428409,-0.006782549648081254,-0.04676805660459163,0.011452707392474976,-0.03647647584367594,0.024907263997152845,-0.05722209174940959,-0.0022708715507323007,-0.031042133205333666,-0.11249264495587838,0.1085945943930117,-0.028519302029069188,-0.07317374528778316,0.0529028718961532,-0.04836003804495897,-0.0683976526423423,-0.1452031599100216,-0.10087864055603873,-0.14530390862536577,0.11896837234891669,-0.12638865617054304,0.04724909455219797,0.05569358962615242,-0.009003961638887531,0.043989568047065025,-0.02499497615710076,0.06567094767684023,0.08964011218283977,0.10903451221041258,0.006444874924723842,-0.04575061933404892
bear,-0.041529328617117,0.0,-0.09862220238270691,0.03245328648950646,-0.07541915281019956,-0.06339832159028139,0.07384795349558038,0.04102997175439163,-0.021963246506309514,0.059483976676486694,0.06080255988672913,-0.10026420200210588,0.06761421524315461,0.08255164973261425,0.06792211679015059,0.10782331409655507,-0.043878883902522293,-0.05886743917305139,0.05841400261589355,0.023573197363925907,0.021357648612537083,-0.047352337970553215,-0.05692644532083009,0.05629756012141077,-0.026463484819968963,-0.033609047482472246,-0.12115803019678804,-0.01152338482534837,0.039289721944131425,0.0046438168142231145,-0.12401692698698374,-0.162066179109947,-0.06735352914585455,-0.15149404677253592,-0.1545891699011334,0.01836761906273318,0.08512403806239965,0.015585507521166081,-0.0533153650032511,0.004462019940122658,0.009813065264918323,0.003487531437470756,-0.03899230899523859,0.015036409340223954,-0.027991301839053184,-0.07641091511479922,-0.04743963405743876,-0.14036321819496608,0.08406590108040726,-0.013629664490532906,-0.018974359786082265,-0.05917328977921721,-0.04034603683970264,-0.06171959197789684,-0.06539911256038482,-0.0044316098977584956,0.07771967034220739,0.03809638868610027,0.06529867487605542,0.0047056423585858514
cat,0.09597471615203862,-0.09862220238270691,0.0,0.13322173535741266,-0.08410914575483319,-0.028899162686847085,-0.09988502979274833,-0.030994377337900336,-0.016564254527142136,0.09724772906225729,0.05310065623918933,-0.016104945475983706,0.1340583448231765,0.1170757435008575,-0.0437703343482779,0.038901765318361314,0.042932122405481665,0.030252942991775694,-0.0030676710137263197,-0.05367919348674036,-0.009255887457449763,0.0325966304255729,-0.015439914788721698,-0.0017368459729418806,0.013204610888414209,-0.018570807992409538,-0.08444817801989934,0.040221558403777585,-0.0075886096704515515,0.03307970692269324,-0.007032383187710212,-0.06709142043198979,0.05549578981346073,0.015663706297083357,-0.07881255953873514,-0.07431053363243298,0.028035172299831074,-0.031206938837574694,-0.060481033524025674,0.0024561387157416154,0.05438748122953893,-0.1327105217704789,-0.014596742434014626,0.06337849775394502,-0.09010668373305876,-0.08698403338836506,0.020696031248423674,-0.12531998988549795,0.024493212616338883,-0.1776924058433818,-0.032227299553726774,-0.046324525601731247,-0.03646267728315866,0.007802031894117517,-0.08203586335823472,-0.00703784025693463,-0.03329500912712954,-0.0402628596642019,-0.10020856072950382,0.0007392263896777995
dog,0.10285485643298042,0.03245328648950646,0.13322173535741266,0.0,-0.04722558046861913,-0.03705736681871616,0.008482628900148947,0.06164993100615801,0.01503730749030241,0.0825679517964357,0.12065260958371338,-0.02187983197547809,0.13215958484476656,0.1993620026001147,-0.017697294713776512,0.09288884732788785,0.022252046788225205,-0.032158255194325844,0.02186179552382969,-0.0784820775055939,0.07919785765455889,0.023052741145363403,-0.01847820415279737,0.05515874782266941,0.0460762748666608,0.018986289904033088,-0.14813474385521375,0.0672281291903358,0.08054810695270426,-0.013951249033347574,0.016487499588958565,-0.09754646645036928,0.03200193140098037,-0.03811423743908787,-0.05973156190552725,0.0434721555100159,0.03878281097286354,-0.05704463841445338,0.003899323814311406,-0.017271707979380102,0.042444268875635724,-0.09539389294830089,0.0636627485116352,0.08274263197153309,-0.03223063894635997,-0.05577045491070687,-0.026727865300441495,-0.08815847986247535,0.0866216730955249,-0.12146771923419228,0.04582722186256122,-0.024831039338165425,0.07435151077391267,0.036193610869492826,-0.011197022789234526,0.07985442385145561,0.11799946942755793,0.03667852470945851,0.05945528075168982,0.06459976859772662
cow,0.008978943283689811,-0.07541915281019956,-0.08410914575483319,-0.04722558046861913,0.0,-0.028509588038188954,-0.009492060974151964,0.0015287534606883146,0.12164185190526125,0.01592759580755404,0.01649096637727384,-0.02917017524989303,0.11619847509119322,0.09165422027290188,0.08798218116626873,0.07877113586957793,-0.01514777252606217,-0.0449934688805739,0.012110536183973106,-0.035301488368836946,-0.01950027919486283,-0.026090883440552604,0.011031487884994806,-0.025805466637984303,0.029564738359417336,-0.02781318446411249,-0.16097873662068296,0.02380278680598999,0.02649745717164681,-0.10545695407613047,-0.09260200637963158,-0.15354003310380523,0.0008861632960618093,-0.1082250038441587,-0.01661622590928946,-0.04044636052328944,-0.052383010696473886,-0.003875845061024827,-0.10996119829713677,0.04142108595201624,-0.0030035574818235607,0.03506422730862516,-0.032863933087454264,-0.010097063676750187,-0.01185010677426071,-0.07940600193202728,-0.07329248476236087,-0.16308622962473468,0.04588022762695711,-0.16472580036798629,0.027208115316811693,0.017210525843714408,0.07281037215185523,-0.022440937896169327,0.06541598275661112,0.03693849350384479,0.07469631065752372,0.09203652841650695,0.06765151111912826,-0.02483722243766783
leg,0.05399473664646795,-0.06339832159028139,-0.028899162686847085,-0.03705736681871616,-0.028509588038188954,0.0,0.003549425213948132,0.058162053158756444,0.05438148179936597,-0.004362064977401381,0.02521783761458432,-0.11597382792499616,-0.010698243711232638,0.0009767543076423801,-0.0323719299376508,-0.043774136369999134,-0.12903546924065926,-0.04651850327899143,0.030078372741127152,0.040862965781775784,0.0008976403314188142,0.06062957934397825,-0.09922638613550486,-0.08914881702801272,-0.05494867233085801,0.06335383242509735,-0.12286732673493003,0.028874055481570154,0.10816631677818314,-0.07791698690310156,0.0039334374788595194,0.03622935206277908,0.0924344143720667,-0.001169295819014135,-0.11588969583745506,-0.03930720341320981,0.010783350167195893,-0.019391487721742567,-0.06406553568053797,0.2449316088554965,0.05347152019649275,-0.00157945034776924,-0.06052668765915685,0.0022886255397025976,0.039005191206328255,-0.06847141666017902,-0.060566394455778896,-0.1286334638902113,0.1526263959091633,-0.11059126267250502,-0.03944055397140231,0.01917185567341946,-0.0011729189132989107,-0.003907519783838478,0.010965207489706544,0.05474293704024208,0.09584152207485241,0.05984605669770596,0.013545612232614218,-0.004738743275470025
arm,-0.01460445366905841,0.07384795349558038,-0.09988502979274833,0.008482628900148947,-0.009492060974151964,0.003549425213948132,0.0,0.10011801073616378,-0.020546669143775342,0.05052481324572361,-0.03649436111252467,-0.17459388707442247,-0.07598509725509173,0.04860368681821181,0.029707552799067227,-0.10078664786986749,-0.13708281333088984,-0.025458072514153662,0.06291349601835719,-0.04878982225276346,-0.015478902420706125,-0.0406222307609283,-0.07720629007737251,-0.007980001823387678,-0.055703981825596355,0.08374883581678852,-0.07323147029913019,-0.043576720871140506,-0.021624186029719633,-0.0649814061877115,-0.028793699375012555,-0.04557519409513017,0.03390777808696699,-0.11143067584532323,-0.16754134975244075,-0.0906530976591316,0.01947432909176197,-0.008065914762022758,-0.08812185955048257,-0.0478414412139411,0.09055146196239278,0.027622742827320745,0.07323959595148463,-0.003987088405099579,0.02611049623632436,-0.11055952252320017,-0.09158641159054341,-0.1934923634218022,0.09372285760963611,-0.10335895992234453,-0.004854087668188388,0.008954541270984325,0.01265151860276325,0.045204499679894095,0.01673795093214662,-0.041454555054785736,0.08792126797074312,0.04717636854823379,-0.0005616872367054104,-0.01621377206549615
hand,0.040977015255971166,0.04102997175439163,-0.030994377337900336,0.06164993100615801,0.0015287534606883146,0.058162053158756444,0.10011801073616378,0.0,0.07104024289492816,0.04808767563219363,0.11886222286542672,-0.1948745078861238,-0.009847475305625311,0.19030142227518315,0.14358893019919977,0.13280551660889756,-0.030425722404995387,-0.048783343744996197,0.09257289164499558,-0.034043783739101385,0.11531132055044649,0.08556908759436468,-0.05245307147280209,0.029244368843543284,0.065973794824733,0.19184525507333447,-0.09461681059676022,0.015670977891976245,0.21559044370234667,0.03721761313363661,-0.0844682745251464,-0.03953182897414238,0.09052894867068265,-0.14437383415579233,-0.08509775014393373,0.06614921212160557,0.07797879446359188,0.032173604353898044,-0.0291135099927059,0.06343738066554075,0.21270718176592268,0.17059963398012504,0.09916673847892474,0.03652424463789186,0.023062469277959574,-0.06008511560306706,-0.13993075768617352,-0.15257660581889504,0.20767748624450896,-0.011210037449290666,-0.011569149834293954,-0.02876266515301329,0.041446676767027874,0.02318071271816724,-0.00033182750603885647,0.0003285017890510833,0.16392838798981432,0.11187917868188044,0.09658723037273656,0.10772285964768996
foot,0.061776609596877474,-0.021963246506309514,-0.016564254527142136,0.01503730749030241,0.12164185190526125,0.05438148179936597,-0.020546669143775342,0.07104024289492816,0.0,-0.016574965171918254,0.201442670017624,-0.15162652923447126,0.06234516821484071,0.1163178864560446,0.07423548372253261,0.0592531679660451,-0.01648835065826304,-0.03508155588241285,0.08916660296593956,-0.02066359095885109,0.06218487182384794,0.07093906143720127,-0.02087274938411593,-0.013058058668907774,0.02266639845912463,0.0607491523629253,-0.12121643929606353,0.07801058377997055,0.036614148907726074,0.010744021388823244,-0.07249350870936211,-0.09764094963389522,0.04030246485363109,-0.16522003019127574,-0.06603370387341817,-0.07320639063902759,-0.008881659768354006,0.05488276613599016,-0.11770150459325121,0.03455602539150518,0.028049659291485785,-0.013345100417174766,0.05071177835183541,0.041425618446639445,-0.0669905640755073,-0.14068204667454295,-0.13682673615490204,-0.19731492343111962,0.05405913388515304,-0.1415634623747845,-0.01173292175220604,-0.015472976333512294,0.012923994979679387,-0.06056097055636146,0.031814446893209156,0.0866945252958514,0.12505506391276713,0.07847001215475277,0.04082146774873943,0.014668335795144732
eye,0.09064151762868042,0.059483976676486694,0.09724772906225729,0.0825679517964357,0.01592759580755404,-0.004362064977401381,0.05052481324572361,0.04808767563219363,-0.016574965171918254,0.0,-0.024609165301366996,-0.2119295997776742,-0.03179471785895975,0.05148406662586516,-0.00951340127501827,0.07170590106183936,-0.10741312792007496,-0.0907866353392058,0.07037221282697817,-0.027947377793635708,0.06491306477915038,0.027608392265237286,0.021988112533887078,-0.03294620361465314,0.034589397894079305,0.03162574532411733,-0.060820993027389095,0.00926787800606621,0.05070410971468495,-0.04408391855782247,-0.0716462314514889,-0.08619759328889502,0.021611331025665786,0.01234636377587478,-0.15864690572270573,0.011847074558072629,0.04530948809516011,0.0787529647317641,-0.0050588603798904785,0.01074414925837236,0.053853726304623636,0.044063890807619355,0.14482033049965157,0.0025502663950295254,0.002622741581638166,-0.04468707724883797,-0.0551778088728959,-0.01814432490592381,0.15466624926292696,-0.06652916380532384,0.020088322354206226,0.03922076888040038,0.034522789761716674,0.04692502167905471,0.0174594192646675,-0.04513273455706546,0.10498979138827966,0.01734359458256754,-0.022722577414153088,0.010951556707948798
apartment,-0.048187077928278185,0.06080255988672913,0.05310065623918933,0.12065260958371338,0.01649096637727384,0.02521783761458432,-0.03649436111252467,0.11886222286542672,0.201442670017624,-0.024609165301366996,0.0,-0.08793572810685911,-0.05141362730233445,0.13965492133259672,0.17181211878611938,0.23189420259256702,0.1483130334453104,0.05662659996123273,0.2503369343363505,-0.15475241303548587,0.02520192354658854,0.017342077926673083,-0.02724433715853322,0.004473018610649734,0.045315718802332344,0.0707557415872789,-0.05175857400577401,0.09279917572519458,0.11403751529443604,0.14269258791514308,-0.05451184191187651,-0.08453682709546081,-0.02390005912536075,-0.06720308490163439,-0.039812384663007315,0.11716650677987109,0.13278378805975294,0.21239612545357425,-0.16675112643364892,-0.08962006438150233,0.21548282412567696,0.01575046292047126,0.10357943368529957,0.1562188565073497,0.013363891413213605,-0.07978697505687662,-0.07991464366174107,-0.05865857727526963,0.1870911577403697,-0.06138414433630408,-0.07202527814028774,-0.07317783483497416,-0.0669784630341316,-0.11051802735750109,-0.05269146370605309,0.06058203988525046,0.24206346482093796,0.062139762311089086,0.18951384199390825,0.16446982174122843
igloo,-0.15478311220283822,-0.10026420200210588,-0.016104945475983706,-0.02187983197547809,-0.02917017524989303,-0.11597382792499616,-0.17459388707442247,-0.1948745078861238,-0.15162652923447126,-0.2119295997776742,-0.08793572810685911,0.0,0.07189986381682598,-0.04069988626776703,-0.127337618296479,-0.03285904211882473,-0.08190619736093777,0.044789588787482904,-0.08059577996576922,-0.12437892497832839,-0.136486882033923,-0.10433963831498227,-0.1489145241001522,-0.1486118444352983,-0.1539990867443446,-0.027300174324648076,-0.1782688777992933,-0.06339904732600657,-0.10851604262383979,-0.10271497574756906,-0.029085226891397226,-0.09298194754785938,-0.12838266498024803,-0.13088560529029264,-0.058315864974253395,-0.0714116819910853,-0.02870449678958692,-0.08384522265151313,-0.07017211048415545,-0.13907690737009654,-0.08322680933431803,-0.2729410146914709,-0.19433935963557175,0.03925433276928916,-0.16432906933167243,-0.040844810797271716,0.043234662012300834,-0.032778871293507206,-0.25226007184298715,-0.0790991768702179,-0.014112340035733011,0.04371258770426754,-0.012833987118802001,0.025104466700881567,-0.06031843432985502,-0.13144917105656537,-0.16101399527538546,-0.17882651798416466,-0.13191954030614472,-0.009323322199504061
barn,0.1877129971396325,0.06761421524315461,0.1340583448231765,0.13215958484476656,0.11619847509119322,-0.010698243711232638,-0.07598509725509173,-0.009847475305625311,0.06234516821484071,-0.03179471785895975,-0.05141362730233445,0.07189986381682598,0.0,-0.008103171938385112,0.038874315030341694,0.150524999696983,0.02700934994290477,0.08099256129744967,0.09640738180773553,-0.14076604532912712,0.06881243548277335,0.10887383103751652,0.001660431623164385,0.045753521714498896,0.0878955951470248,0.05431552426313582,-0.05811145308412488,0.03588125446369733,0.078004741033183,-0.03049844688179766,0.045254167162607634,-0.01592295200264235,-0.12318206313698994,-0.048080335607771446,0.06437597777711282,0.021486277450061153,0.07366629060630714,0.09221161301911363,-0.03705555318366159,-0.009713710202772827,-0.037619895514451024,-0.08501271011304232,-0.023124728541851935,0.11428453211773706,-0.02443471327909419,-0.05415122620156648,0.009166851378016302,-0.05170084272041897,-0.020773266904102944,0.06205260958366757,0.04531029481150234,0.08805973705019118,0.09874525084345553,0.03491430163618629,0.008861573289084476,0.07841362778898339,0.048617117496031176,0.0601070846130414,0.10659180048998576,0.029751208114015243
house,0.059527017754919614,0.08255164973261425,0.1170757435008575,0.1993620026001147,0.09165422027290188,0.0009767543076423801,0.04860368681821181,0.19030142227518315,0.1163178864560446,0.05148406662586516,0.13965492133259672,-0.04069988626776703,-0.008103171938385112,0.0,-0.004937977121390047,0.2770699368475176,0.10508397686739765,0.07926123029831592,0.1623470981588929,-0.09228245455533562,0.04089080285111331,0.0031704581605496163,0.020142573609473746,0.05208405837557395,0.08744041667450184,0.16717488302712788,-0.07360352334474204,0.07728443560914286,0.1536543605578954,0.14556198169805523,-0.006772836176044732,0.0639426770844693,0.020698776372238173,-0.09494602281184314,0.0026668074895899035,0.08389794033509507,0.04488728767704234,0.1512886483325754,-0.04014710228977849,-0.025519756522590392,0.2122283870337354,0.19524394920305424,0.12527662799489464,0.039686425532063405,0.020087301005134506,-0.1233004722128501,-0.07560971542030104,-0.16508432921002583,0.13939697050937586,0.13888611570175263,-0.045082400083735895,-0.11880750156371923,0.10331195893763082,-0.06187169948745598,-0.0994957120996414,-0.005773023171300837,0.11701387504429747,0.03348788404040076,0.08615226093485501,0.11050506129451523
church,-0.045038854103136745,0.06792211679015059,-0.0437703343482779,-0.017697294713776512,0.08798218116626873,-0.0323719299376508,0.029707552799067227,0.14358893019919977,0.07423548372253261,-0.00951340127501827,0.17181211878611938,-0.127337618296479,0.038874315030341694,-0.004937977121390047,0.0,0.21521835980294993,0.07667282855017116,0.1500443863943075,0.20955879175814263,0.04755821159791282,0.006760855932822808,-0.010913135590170403,-0.0719387652251876,0.07302975031606426,0.08155914259980962,0.08393038034006087,0.0010016316053047605,0.050105531402206305,0.06823049053952546,0.012137480195979836,-0.03495333286679765,0.0068037583765669825,-0.03371278655391456,-0.09371056833092842,-0.02189657359186674,-0.031042226708651727,-0.0020739830322213174,0.14317604444415208,-0.04963012336957836,-0.024265932410267373,0.09198717435172754,0.0773854527498968,0.014941747420095158,-0.05500723032614609,0.11671649059460673,-0.14782881099906878,-0.1421622681452959,-0.16417208506349334,0.14561710042674103,0.0077571880610132204,-0.06814791824640219,-0.056044896350683326,0.10177621760804499,-0.11972550565610145,-0.05768155696462099,0.0016825452216078021,0.053311733392007093,0.007670889237520212,0.03207561421178441,-0.008661553144448393
door,-0.0072003932364795575,0.10782331409655507,0.038901765318361314,0.09288884732788785,0.07877113586957793,-0.043774136369999134,-0.10078664786986749,0.13280551660889756,0.0592531679660451,0.07170590106183936,0.23189420259256702,-0.03285904211882473,0.150524999696983,0.2770699368475176,0.21521835980294993,0.0,0.04400429423976554,-0.03746309260049885,0.2276933859662139,-0.14084165623833036,0.05796798236720338,0.08553999025581122,-0.047608445147629186,-0.01077639031640093,0.05917216108218892,0.21879202145496926,-0.09455250955650926,0.06737033658163372,0.14682102414998618,0.031681437597739115,-0.10071645496809152,-0.05804773586327059,-0.005265016494761771,-0.03478417555176946,-0.04303999716519502,0.03787167780410841,0.10788587520911433,0.10632657776468263,-0.048494687653370686,0.006908328071608849,0.22778540459843816,0.14539049802001133,0.11004134809697122,0.14419638870268534,0.07340914771396442,-0.045834127396150975,-0.10399663654069696,-0.11149323079395018,0.228872498762241,0.03570366710646153,0.007306693954331991,0.00020028563944445325,0.040319969909825865,0.07908485611760951,-0.0012246891518293487,0.04898356028264916,0.19144320895103167,0.09194920320868172,0.17681256462275105,0.17618083118566738
closet,-0.0042196822201004125,-0.043878883902522293,0.042932122405481665,0.022252046788225205,-0.01514777252606217,-0.12903546924065926,-0.13708281333088984,-0.030425722404995387,-0.01648835065826304,-0.10741312792007496,0.1483130334453104,-0.08190619736093777,0.02700934994290477,0.10508397686739765,0.07667282855017116,0.04400429423976554,0.0,0.004692778683639043,0.12766175278751438,-0.13535007816240238,0.1393257221965495,0.18865884687397302,0.04592061089337787,0.09734349736725526,0.12673896437290003,0.027819245836409157,-0.07543787129156676,0.09197231135798889,0.020455366468812602,-0.008218407774489789,-0.16039947398652724,-0.03269407970571757,-0.04442891336986478,-0.10563848162959436,0.0019607082012700616,0.06333703240642422,0.05840438797749778,0.017406325935861527,-0.09789700376692471,-0.10908043690674052,-0.023366661069382427,-0.08734027302962324,-0.02560179332927634,0.135782022447815,-0.12350083587207236,0.015067881752402146,-0.01690650379511624,0.004509377183195468,0.0035812261342521856,-0.062394955506513694,-0.04387343881433691,0.09017652763414198,-0.037586395519316175,0.04841737343696981,0.04872745213066548,-0.016775520689507162,-0.04636147031370241,-0.09627900335681834,-0.03521788854904903,0.026617594278329243
chimney,-0.02552482745958609,-0.05886743917305139,0.030252942991775694,-0.032158255194325844,-0.0449934688805739,-0.04651850327899143,-0.025458072514153662,-0.048783343744996197,-0.03508155588241285,-0.0907866353392058,0.05662659996123273,0.044789588787482904,0.08099256129744967,0.07926123029831592,0.1500443863943075,-0.03746309260049885,0.004692778683639043,0.0,0.038673124046151586,-0.20028153335388968,-0.09267220832443084,-0.026322074868829717,-0.01233118175507883,-0.0016052686560716067,-0.09079593664359972,-0.038571835976180864,-0.08823095552280671,0.012858389516874208,-0.06846766102232546,-0.07482208723362571,-0.0437329711907196,-0.02550529077598733,-0.14382767148019363,-0.16808402991252724,-0.043304872392645494,-0.07824673065194872,-0.010714435916952647,-0.013684344855983688,-0.061871040658341606,-0.0818593519897526,-0.036928698596969525,-0.10328165441267298,-0.047861572063155125,0.0003938960391992319,-0.004789861121289818,-0.08690610147996032,0.033550595478697265,-0.06934833559970738,-0.018580374492766664,-0.12819173031638936,0.013728638359855848,0.0705132856104278,-0.009489265931788712,0.013032413885169722,-0.0011298310265749692,-0.05424352395367288,-0.006728164413587034,-0.03498063845516025,-0.02490948251663229,-0.0031030450776377005
window,-0.05022058805242867,0.05841400261589355,-0.0030676710137263197,0.02186179552382969,0.012110536183973106,0.030078372741127152,0.06291349601835719,0.09257289164499558,0.08916660296593956,0.07037221282697817,0.2503369343363505,-0.08059577996576922,0.09640738180773553,0.1623470981588929,0.20955879175814263,0.2276933859662139,0.12766175278751438,0.038673124046151586,0.0,-0.06156001218391838,0.1099718504286819,0.08101684789151645,-0.035811488634769476,0.06550732663283165,0.09759646112123385,0.13609729286161612,0.01474770273142928,0.1454219991094242,0.11342738562000249,0.0559838824077562,-0.08128372653691598,0.048741196923214714,0.009123429015456486,-0.09831513205743514,-0.03569502823820757,0.08125689278223755,0.1855842702264001,0.23830348511787924,-0.0037734678531791688,-0.05820004279217877,0.11185180204124806,-0.05460189848597913,0.10308034185414808,0.1669057041374162,0.030121812223215916,-0.004906434729195858,-0.0047439205200341394,0.019796657630463177,0.28884651548655416,-0.008998201420585883,0.06745694741412375,0.05190347669823898,0.044418850152721505,0.05539153957157304,0.03948775322337429,0.09103880443600332,0.223057243841534,0.09049546406321463,0.13859900847037476,0.1786831626955983
arch,-0.040414696232747474,0.023573197363925907,-0.05367919348674036,-0.0784820775055939,-0.035301488368836946,0.040862965781775784,-0.04878982225276346,-0.034043783739101385,-0.02066359095885109,-0.027947377793635708,-0.15475241303548587,-0.12437892497832839,-0.14076604532912712,-0.09228245455533562,0.04755821159791282,-0.14084165623833036,-0.13535007816240238,-0.20028153335388968,-0.06156001218391838,0.0,-0.12504281538548145,-0.14985863675635452,-0.14477870580783755,-0.06394743180683944,-0.1613990621503891,0.06316191911672786,-0.09129804308837831,-0.08171215758759386,0.01371526402088663,-0.0770924102444969,-0.07553249014271848,-0.09250880225250635,-0.08945259678397816,-0.08663242220975138,-0.15006547949328217,-0.09230449040459623,-0.09078474534442388,-0.01886971968427331,-0.06659894025335328,0.03420428419022911,-0.04931644882531954,0.0032851640413211203,-0.05823710949102873,-0.1201914538437914,-0.03816820427066439,-0.09323682986382337,-0.052444225853115395,-0.04409222872924114,-0.023744425731702254,-0.12942391737222508,-0.06530581819656764,0.016568071582749803,-0.060291551146308776,-0.007274840435165818,-0.12210057481508418,-0.11096913504671213,-0.12568194787951203,-0.03592226358336774,-0.15467019080672303,-0.07444519454073736
shirt,0.01951285637970601,0.021357648612537083,-0.009255887457449763,0.07919785765455889,-0.01950027919486283,0.0008976403314188142,-0.015478902420706125,0.11531132055044649,0.06218487182384794,0.06491306477915038,0.02520192354658854,-0.136486882033923,0.06881243548277335,0.04089080285111331,0.006760855932822808,0.05796798236720338,0.1393257221965495,-0.09267220832443084,0.1099718504286819,-0.12504281538548145,0.0,0.1722996238551574,-0.016770424473020906,0.013090769366525978,0.08942681872898972,0.08955992275139035,-0.029935392261174115,0.08184622977974895,0.14540648288218383,0.11060729615822087,-0.14376521892543537,-0.059592236668038825,-0.036752695224860146,-0.09579395463397522,-0.053680371575248687,0.08922100214735848,0.13488769235380385,0.004036672353183363,-0.04342849764480523,0.026168813548135023,0.05949701592125951,0.03817700250088009,0.04654885421794758,0.004026044624141259,0.015396038619598637,-0.049693982810532264,-0.08294705047708047,0.0007923725081004362,0.10732711402271955,-0.0814955972579357,0.09400313126985696,0.06247255714133364,0.03888836209077416,0.04770311865981834,0.11197843607304195,0.09846468420181936,0.08031895265382491,-0.014744897019271473,0.05954402362216368,0.017120428860323028
pants,0.05250251347906165,-0.047352337970553215,0.0325966304255729,0.023052741145363403,-0.026090883440552604,0.06062957934397825,-0.0406222307609283,0.08556908759436468,0.07093906143720127,0.027608392265237286,0.017342077926673083,-0.10433963831498227,0.10887383103751652,0.0031704581605496163,-0.010913135590170403,0.08553999025581122,0.18865884687397302,-0.026322074868829717,0.08101684789151645,-0.14985863675635452,0.1722996238551574,0.0,0.1317334505150458,0.03624439282688535,0.15092847750446126,0.10740993339843022,0.03559094676582189,0.09139713964330151,0.08044804827801333,0.07101465615503949,-0.11513735703816895,-0.036589572120129935,0.0316248432316765,-0.0655412570209016,0.014025748764297324,0.06692195258743197,0.09238469188267096,0.038329028457142394,-0.037039076494990913,-0.006547413867212984,0.0030077960110101096,-0.06234714959259868,-0.019021593094417366,0.013081280248146226,-0.017028467182143847,-0.012255315865182317,-0.003537475721796718,0.04457166427555015,0.06191558279446224,-0.07538986939851648,0.06344957560435004,0.06776132777570507,0.07389614393126645,0.006750190129223774,0.09893951477536131,0.13821377004671073,0.07621786673829806,0.05310843452510669,0.04407915304633181,0.08298190159720667
skirt,-0.01619362198496621,-0.05692644532083009,-0.015439914788721698,-0.01847820415279737,0.011031487884994806,-0.09922638613550486,-0.07720629007737251,-0.05245307147280209,-0.02087274938411593,0.021988112533887078,-0.02724433715853322,-0.1489145241001522,0.001660431623164385,0.020142573609473746,-0.0719387652251876,-0.047608445147629186,0.04592061089337787,-0.01233118175507883,-0.035811488634769476,-0.14477870580783755,-0.016770424473020906,0.1317334505150458,0.0,0.0013185169026741494,0.15203431447134852,0.04627490390105868,-0.09220846135047327,0.014115610551115043,0.005798041439349463,-0.01950049416591189,-0.1449121651960827,-0.09811848326593826,0.0019155508877102545,-0.12140386032264787,-0.04557199734560585,-0.013199973341236682,0.014841165982852927,-0.02603155947240282,-0.030554225471323943,-0.09885092925034836,-0.0013307952026092723,-0.04011706214798291,-0.02011422465602937,-0.08427918841471331,-0.0029065457362173336,-0.018308977903129353,-0.03028360693521316,-0.027162457479790555,-0.04744752718348701,-0.1226695829318927,0.10969429482674836,0.10522994630987173,0.03661385566391566,0.0744490384826465,0.1590325404975289,-0.027238544641010512,-0.04885644005760182,0.008478958947514575,-0.09277240926240571,-0.04424179583629207
coat,0.06719013701428042,0.05629756012141077,-0.0017368459729418806,0.05515874782266941,-0.025805466637984303,-0.08914881702801272,-0.007980001823387678,0.029244368843543284,-0.013058058668907774,-0.03294620361465314,0.004473018610649734,-0.1486118444352983,0.045753521714498896,0.05208405837557395,0.07302975031606426,-0.01077639031640093,0.09734349736725526,-0.0016052686560716067,0.06550732663283165,-0.06394743180683944,0.013090769366525978,0.03624439282688535,0.0013185169026741494,0.0,0.07704111112945178,0.07390607320797057,0.04915958489810934,-0.01051983010518212,0.03232103763532662,-0.023396319615578448,-0.10920418359928918,-0.01764147141065711,-0.00048125822760128334,-0.048636292288891006,0.016140336203193023,0.051743503572742905,0.07091612785720994,0.016530554199325975,0.10635583546702418,0.013607147191639524,-0.07523251456529831,-0.06924640512210964,-0.015283007222428382,0.10125481405959064,0.06387165664561492,-0.044070037967391035,-0.016053578302700752,-0.08917447582071573,0.00999132033655159,-0.047580677742297156,0.15662014212897504,0.1391443382137974,0.1477203614962231,0.05408085869415308,0.15799580038978012,-0.004414743253943587,0.025726945038460236,0.020575492427468228,-0.01927266866357623,0.015319542390787436
dress,0.07889990219036233,-0.026463484819968963,0.013204610888414209,0.0460762748666608,0.029564738359417336,-0.05494867233085801,-0.055703981825596355,0.065973794824733,0.02266639845912463,0.034589397894079305,0.045315718802332344,-0.1539990867443446,0.0878955951470248,0.08744041667450184,0.08155914259980962,0.05917216108218892,0.12673896437290003,-0.09079593664359972,0.09759646112123385,-0.1613990621503891,0.08942681872898972,0.15092847750446126,0.15203431447134852,0.07704111112945178,0.0,0.08146065314193918,-0.04011820698039928,0.04757091416988127,0.10126293970995692,0.09017401692468607,-0.05148755294732405,-0.04290382693165892,0.029673634199675475,-0.011781679902354805,-0.06264841144393052,0.026400470955596028,0.13266093301929208,0.06791866523867177,-0.08325525886150945,0.011882090498728765,0.054142775661813525,-0.036368705796848914,0.07991413360778485,-0.036965641891578395,0.00894243739323275,-0.061204877291323005,-0.0994111467330277,-0.0637194391122941,0.052648197427696636,-0.0767008206883365,0.04754500882463299,0.05044475629396998,0.009748638462729803,0.08690878722175871,0.11529570859814148,0.003152720013883198,0.018615763711855415,0.05314176718006164,-0.011805458498230684,-0.008549767775736246
chair,0.029801734449758616,-0.033609047482472246,-0.018570807992409538,0.018986289904033088,-0.02781318446411249,0.06335383242509735,0.08374883581678852,0.19184525507333447,0.0607491523629253,0.03162574532411733,0.0707557415872789,-0.027300174324648076,0.05431552426313582,0.16717488302712788,0.08393038034006087,0.21879202145496926,0.027819245836409157,-0.038571835976180864,0.13609729286161612,0.06316191911672786,0.08955992275139035,0.10740993339843022,0.04627490390105868,0.07390607320797057,0.08146065314193918,0.0,-0.010376991429607768,0.15138650836005338,0.22898753285507525,0.14701212921565865,-0.0938672188903604,-0.04522626300078204,-0.01049260661530374,-0.09598395076574777,-0.09967632227235403,0.0620469624230843,0.07043686356009157,0.12946751706976564,0.048284477921468755,-0.05370901175793186,0.01665782007152662,-0.02668196492198821,0.06934761559794506,0.11170044509568006,-0.11590854863150837,0.03393756230387504,-0.08739645905399432,-0.01656525741518701,-0.03443829299930329,0.04455300662508743,-0.06555312189325614,-0.11479095312226353,-0.04128363663819533,-0.03327409030829234,-0.008087888200442896,0.04691034164687938,0.09174858380392079,0.056905776495957267,-0.0078118055001016595,0.0690180645919091
dresser,-0.052947675875244404,-0.12115803019678804,-0.08444817801989934,-0.14813474385521375,-0.16097873662068296,-0.12286732673493003,-0.07323147029913019,-0.09461681059676022,-0.12121643929606353,-0.060820993027389095,-0.05175857400577401,-0.1782688777992933,-0.05811145308412488,-0.07360352334474204,0.0010016316053047605,-0.09455250955650926,-0.07543787129156676,-0.08823095552280671,0.01474770273142928,-0.09129804308837831,-0.029935392261174115,0.03559094676582189,-0.09220846135047327,0.04915958489810934,-0.04011820698039928,-0.010376991429607768,0.0,-0.09811932363959411,-0.15129088424183318,-0.07018739181002476,-0.10633912837461401,-0.09871852776532081,-0.19668267547842444,-0.08199525664907284,-0.12550218853372302,-0.010289120491321246,-0.04532292718734658,-0.05204972713048511,-0.13293963198771575,-0.20019715346975653,-0.0270365660527407,-0.14487455623541795,-0.13380550965774987,-0.02136496026591861,-0.10617731484425018,-0.08431028470263247,-0.05298919427266224,-0.03681452540021557,-0.07637569159162805,-0.13097849607627354,-0.008368984978437119,-0.04727265116600915,-0.12615402926532088,-0.08357473752714537,0.027384324178947927,-0.09154930970013526,-0.06922164269761899,-0.13151155438973086,-0.10800619624228232,-0.10462139962082229
bed,0.05519353356114001,-0.01152338482534837,0.040221558403777585,0.0672281291903358,0.02380278680598999,0.028874055481570154,-0.043576720871140506,0.015670977891976245,0.07801058377997055,0.00926787800606621,0.09279917572519458,-0.06339904732600657,0.03588125446369733,0.07728443560914286,0.050105531402206305,0.06737033658163372,0.09197231135798889,0.012858389516874208,0.1454219991094242,-0.08171215758759386,0.08184622977974895,0.09139713964330151,0.014115610551115043,-0.01051983010518212,0.04757091416988127,0.15138650836005338,-0.09811932363959411,0.0,0.1119886925391721,0.01847686479973948,-0.001040092310329352,-0.0020822277959491875,0.05498069350060017,0.03720441052821241,-0.00018467192590804204,0.07781982289273112,0.13697438795248604,0.023262083426657226,-0.0063190249730073755,-0.035929221853767165,0.09459945625395433,-0.05938729026700577,0.03358379898009453,0.12495370156689042,-0.054863691288846425,-0.014194948018472014,-0.06138784480554756,-0.040114603920018796,0.11537276835339624,-0.07851461002686423,0.014081387944557502,0.0018617651327837714,-0.023121284618968063,-0.034415127372313156,0.1291100722306365,-0.01363360187893925,0.11247241882439754,0.120808526763548,0.1319651723938526,0.1556360679150893
table,0.05108145773887343,0.039289721944131425,-0.0075886096704515515,0.08054810695270426,0.02649745717164681,0.10816631677818314,-0.021624186029719633,0.21559044370234667,0.036614148907726074,0.05070410971468495,0.11403751529443604,-0.10851604262383979,0.078004741033183,0.1536543605578954,0.06823049053952546,0.14682102414998618,0.020455366468812602,-0.06846766102232546,0.11342738562000249,0.01371526402088663,0.14540648288218383,0.08044804827801333,0.005798041439349463,0.03232103763532662,0.10126293970995692,0.22898753285507525,-0.15129088424183318,0.1119886925391721,0.0,0.10261812056128111,-0.01902508743134966,0.03533627550392476,0.03251559869512824,-0.07499081619748621,-0.08509465969364316,0.07690604007106427,0.1027130109812194,0.0920139891532635,0.10179156537732312,0.1780893617393546,0.1080287469812575,0.004804200736891889,0.12028818464551486,0.0772836587238599,-0.010042882993552202,-0.04908672183320632,-0.07259594262766325,-0.07618945014192016,0.20397154222650185,0.10874984108844518,0.13224017011101738,0.08452958963698778,0.039920063073890455,0.15327496056293924,0.11256338458521678,-0.027705320618638327,0.03161869912175652,-0.004185395835689595,-0.005960819772705808,-0.016349262200423986
desk,-0.06803016570428409,0.0046438168142231145,0.03307970692269324,-0.013951249033347574,-0.10545695407613047,-0.07791698690310156,-0.0649814061877115,0.03721761313363661,0.010744021388823244,-0.04408391855782247,0.14269258791514308,-0.10271497574756906,-0.03049844688179766,0.14556198169805523,0.012137480195979836,0.031681437597739115,-0.008218407774489789,-0.07482208723362571,0.0559838824077562,-0.0770924102444969,0.11060729615822087,0.07101465615503949,-0.01950049416591189,-0.023396319615578448,0.09017401692468607,0.14701212921565865,-0.07018739181002476,0.01847686479973948,0.10261812056128111,0.0,-0.041120188505412686,-0.026751723199060246,-0.05977901234774936,-0.017906533465036414,-0.09252192689567715,-0.012942204936688406,0.00864508621852203,0.03883539619334983,-0.05710685415068589,0.001516738998133843,0.09353461794000437,-0.009607010638379404,0.028845007193744415,0.07899515008979077,-0.09266152162916122,-0.10851091185565459,-0.08424085190262359,-0.07033322161633894,0.022296563901001737,-0.12460036902715077,-0.01955940767775821,-0.05041544406789398,-0.07929243281381501,-0.02363004968511705,0.03334988199961806,-0.08061575056358573,-0.009476949134755192,-0.05743873047357678,-0.008353323939082169,0.004828716241741304
ant,-0.006782549648081254,-0.12401692698698374,-0.007032383187710212,0.016487499588958565,-0.09260200637963158,0.0039334374788595194,-0.028793699375012555,-0.0844682745251464,-0.07249350870936211,-0.0716462314514889,-0.05451184191187651,-0.029085226891397226,0.045254167162607634,-0.006772836176044732,-0.03495333286679765,-0.10071645496809152,-0.16039947398652724,-0.0437329711907196,-0.08128372653691598,-0.07553249014271848,-0.14376521892543537,-0.11513735703816895,-0.1449121651960827,-0.10920418359928918,-0.05148755294732405,-0.0938672188903604,-0.10633912837461401,-0.001040092310329352,-0.01902508743134966,-0.041120188505412686,0.0,-0.14098840951513503,-0.113574497045376,-0.10357964422924854,-0.12007152752444344,-0.08465382722642698,-0.08279581848177293,-0.04791455236022679,-0.08933226965743193,-0.02453213628924688,-0.024544556921254315,-0.19490270395313763,-0.18516885942551867,-0.05599009322710456,-0.08662858861494394,-0.06325933898043207,-0.014171235294815523,-0.017789026036151886,-0.08595363189742954,-0.13163475426822185,0.04304512206533731,0.04993467166479068,0.026857905099793522,0.1515539044948145,-0.07452846642347524,-0.11657807612542771,-0.012486145200902597,-0.04658158562211871,-0.06892804989774064,-0.06924810259904465
butterfly,-0.04676805660459163,-0.162066179109947,-0.06709142043198979,-0.09754646645036928,-0.15354003310380523,0.03622935206277908,-0.04557519409513017,-0.03953182897414238,-0.09764094963389522,-0.08619759328889502,-0.08453682709546081,-0.09298194754785938,-0.01592295200264235,0.0639426770844693,0.0068037583765669825,-0.05804773586327059,-0.03269407970571757,-0.02550529077598733,0.048741196923214714,-0.09250880225250635,-0.059592236668038825,-0.036589572120129935,-0.09811848326593826,-0.01764147141065711,-0.04290382693165892,-0.04522626300078204,-0.09871852776532081,-0.0020822277959491875,0.03533627550392476,-0.026751723199060246,-0.14098840951513503,0.0,-0.02361910150747143,-0.1266354477154209,-0.06791679927708838,-0.004692083331125446,0.03107304164142599,-0.07579450456805284,-0.06860821203284151,0.06551977197278497,0.0014434693169705706,-0.06045344360387726,-0.11227129502390824,-0.06936134604837835,0.03743634348223654,-0.012978799375484656,0.06917857894957721,-0.016758952654099324,-0.058419990586085754,0.004349142533782685,0.022816650687342954,0.05846095734257252,-0.025393500511110514,0.0023273699919492963,-0.06366685770048502,0.016471111464951033,-0.03611075952898259,-0.05496348775354256,-0.09727798877320312,-0.01895308314458176
