term,horse,bear,cat,dog,cow,leg,arm,hand,foot,eye,apartment,igloo,barn,house,church,door,closet,chimney,window,arch,shirt,pants,skirt,coat,dress,chair,dresser,bed,table,desk,ant,butterfly,fly,bee,beetle,knife,bottle,glass,spoon,cup,telephone,key,watch,refrigerator,bell,screwdriver,chisel,pliers,saw,hammer,tomato,celery,corn,carrot,lettuce,bicycle,car,train,truck,airplane
horse,0.0,0.16471603998482498,0.12111810440154713,0.1781421522285992,0.23276428615061007,0.03812849926439427,0.068526040743762,0.07216905253526285,0.0525946929507311,0.010684582279073984,-0.07396933973492242,0.07600474915808395,-0.10340188050932159,-0.0975665884430846,-0.04742023048126001,-0.010614792689511432,-0.035856321139388414,0.009841183733938053,-0.08114667654502816,-0.03396567512989829,-0.014825431548323914,-0.02117996194129937,-0.0055959037026146186,0.0214064251621654,-0.061016235096186894,-0.057967373879096895,0.00344424441146432,-0.026730664861838116,-0.05517589418113397,0.05571976204514412,0.04850209779904055,0.13289026395672016,-0.017995253312381915,0.09789607685381777,0.03744953690539499,0.12380005047627804,-0.013900646802535277,-0.01861475891305578,0.046691991851944614,-0.12025433726720403,-0.14538913651081614,-0.035193315312931905,0.0407129485707568,-0.038691507281545495,0.05699775206616803,0.07313591076565884,0.07358829869783487,0.0841549026333378,-0.06646699911377729,0.11381833297793797,-0.048976280420954504,-0.10095716928878393,0.0064862242042165175,-0.0486506940773781,-0.008423632401462058,0.12574296013191277,-0.016897467956135392,-0.024304060973555697,0.11284754346876752,0.036738068565328574
bear,0.16471603998482498,0.0,0.2909879833354736,0.17658937087318927,0.22422768652974312,0.11598836139603724,0.04389568222152401,0.07942548959850665,0.09894747676466426,0.10127223257551898,-0.073905255757412,0.14353434976662116,0.005405434805604736,-0.0738330734041511,-0.0908594078618759,-0.05080668763051846,0.08266726980831601,0.09137927403489421,-0.06757968277567575,0.030569116132426966,0.06722288434382409,0.13002106026417043,0.06032131794648993,0.10564266294531471,0.11205062098994792,-0.002653075041328834,0.06294306926786583,0.10634175149334987,-0.02008764059845128,0.043976446409725395,0.2527951208847601,0.30266836822222376,0.09610150643390716,0.3056597971460349,0.2767978067340416,0.11984994886255984,0.0021463712694243797,0.0366590373049028,0.11227358392929151,-0.0037957148197875767,-0.08726613091335533,-0.012395556993401918,0.1858093854517976,-0.03727442376458516,0.08617628342851652,0.06537323789941606,0.06677420880726176,0.07672132511613103,0.04006870042256805,0.15434157784887634,-0.0071633463373542705,0.004929740960297607,0.07690043810060979,0.07168691832599272,0.03984940845980117,0.05148001605653185,-0.06890068125342683,-0.017641399213770587,-0.014880564496957321,-0.0002625425682678817
cat,0.12111810440154713,0.2909879833354736,0.0,0.25133580677291556,0.28107891300031707,0.041397718971436626,0.08331414005159815,0.11080958863863993,0.037187309843974725,0.09567068143358942,-0.07922163692712522,0.0431677015506656,-0.07932549913865622,-0.143910328678829,-0.07525687895480113,0.017782292510295394,0.003517904939801808,-0.02205290013412417,-0.040215433525759264,-0.00015001722508903303,0.04911667136181025,0.05157838005630372,0.02641070997464165,0.11004298994026657,0.04057229297513004,-0.05003049324978495,0.030088625691154253,0.06512978371000955,-0.02124340234002378,0.0007076671464532058,0.17308095280709956,0.22755346406179908,-0.03523666003166126,0.18380874231025346,0.18886937778477353,0.07935355702211738,-0.015594558574707928,-0.03323189713422495,0.03883395954267069,-0.09155834482562764,-0.17955330549610002,0.008754683662885593,0.0728826624040887,-0.08661598662311354,0.08670529454370365,0.026444771346924023,-0.058931578980475574,0.04223463761454743,-0.011573942336608967,0.18512141368783153,-0.0007926610390946165,-0.031264848174002685,0.026323552289188118,0.017764929429526566,0.03580814907350391,-0.036234612151531814,-0.04643515028591333,-0.013755967005802616,0.00954652080580698,-0.04151360536391743
dog,0.1781421522285992,0.17658937087318927,0.25133580677291556,0.0,0.27431279776570006,0.02255554440002394,0.0029332314660112657,0.0271920254239989,-0.012861416215793398,0.07605780751542918,-0.1538338670544309,0.025635041801127995,-0.09147719145675914,-0.20791557258365506,-0.0767642000954423,-0.03606052018435735,-0.002883683014381244,0.008178478806428857,-0.07513018749824985,-0.006657781697518211,-0.029202108618520628,0.06036625078342195,0.01532653774096901,0.05435388912827832,-0.006036122648558295,-0.0970169493779639,0.053404515707042716,0.02948725769385091,-0.10535743500052067,0.027565602270456957,0.07343202465133186,0.16614670176812127,-0.04275610631217752,0.1486716367365733,0.10984655450545339,0.02050331903754038,-0.012138298056965313,-0.008117033984730071,-0.00626849351485903,-0.06710224788937633,-0.18226047642864232,-0.05222198619624607,0.035175197447356754,-0.10756331341938577,0.012477242323236992,0.004764758934289709,-0.02343435689608095,0.022275491922204543,-0.07362200633179888,0.11461487996183767,-0.06818492476743257,-0.06275665637242835,-0.04622502373552323,-0.03098428265465586,-0.026587188920139893,-0.04417580149318756,-0.10692075930347936,-0.06118059694519237,-0.026473754713389752,-0.0700680534250473
cow,0.23276428615061007,0.22422768652974312,0.28107891300031707,0.27431279776570006,0.0,0.13450746763060575,0.08710635488278767,0.06620090347047522,0.005665925278433903,0.11050659499137042,-0.03430955516902376,0.10359052449160439,0.04607804917004005,-0.08468502737063877,-0.12430996334512637,-0.022122355929767662,0.08222596247945849,0.09666877531513463,-0.018110041609848415,0.03927581740373834,0.07797310290089707,0.1135311104956919,0.028985075587547815,0.17339841486670765,0.035216000557110605,-0.013186270333156766,0.11456246068804918,0.07761383389272719,-0.013760774512616397,0.10977136830746956,0.1643691960290618,0.2376378500250514,-0.004108413786589604,0.21754518298357958,0.10722499451581013,0.14927297689186955,0.1546480608517409,0.06637799073301281,0.24229770012665025,-0.027939839837550662,-0.07696449313714628,-0.0819581272830888,0.07862090790475815,0.023048949638722047,0.03836956372563846,0.09162860628575811,0.11563071556450549,0.09853093221805675,0.0048357317600960514,0.25905075656593146,0.05977066263361641,-0.00045757754778852355,0.12699154075041774,0.11929944222167924,0.01956677627981057,0.04831699618748389,-0.040237816510629076,-0.08253614979134488,0.025614393917610695,0.058183049226242234
leg,0.03812849926439427,0.11598836139603724,0.041397718971436626,0.02255554440002394,0.13450746763060575,0.0,0.30136625746153456,0.16670983046535903,0.14384983694486875,0.1782088396336159,-0.12106150193640983,-0.01832396311944788,-0.0519833562765106,-0.11061960535345479,-0.07678384626747281,0.11801871350618298,0.06489065124995524,0.05156459247034903,-0.04720512895613521,0.0032907894947084015,0.055295101923185375,-0.010411341032301014,0.0975457506165957,0.08694273596542335,0.006385269317611353,-0.12382921698458732,0.03564664090924674,0.021884231349745653,-0.09990798090275643,0.07605187050944054,0.009923887302700302,-0.014303488876595882,-0.10493580713026027,0.034825831068943436,0.04303521167612556,0.1669883601794464,-0.00948565430659798,-0.024809338958524496,0.07070286693691533,-0.218724674951035,-0.17947255104964535,-0.10060449988378264,0.03381205694665382,-0.06424836495906316,-0.058742003861923464,0.08034843750233112,0.08862219280161618,0.16819480187126853,-0.1539577203926484,0.20302183311258148,-0.014370589567791553,-0.08441567599586351,-0.008818628543960122,-0.028940492981003096,-0.05006827036327191,-0.022206474194112646,-0.10158610449240171,-0.08123517646327891,-0.016610762209308044,-0.01981782953311842
arm,0.068526040743762,0.04389568222152401,0.08331414005159815,0.0029332314660112657,0.08710635488278767,0.30136625746153456,0.0,0.19464967804785882,0.22063234443056,0.15637633192107447,-0.08518228456897377,0.026403246739894706,-0.00487389861512702,-0.13464007816470785,-0.12730406227683996,0.17257655603012279,0.09217216760661795,0.06052776206426644,-0.0349280594493136,0.06721011093510493,0.024613263451762568,0.032682777039977295,0.07055674140242069,0.004940300295930122,-0.00017724753976033902,-0.09080888052824204,0.010130544801034341,0.08359794686143629,0.005627941789409119,0.13657549568773347,0.05592517620379528,0.15077212700344234,-0.04850081719800037,0.10306025806641443,0.10489554972273729,0.1982662254731704,-0.004810896250396268,0.00604633431886642,0.09095736350337391,-0.05772257448294174,-0.19836757429564789,-0.08717036116471438,-0.053279986462723916,-0.03857704816536893,0.0094386622555791,0.16958918882537288,0.15116832224242574,0.24941281200439544,-0.09160448134164473,0.2589707652733986,-0.04027217029974267,-0.05038985472705526,-0.018297019764316733,-0.056336904857396106,-0.04014866910302635,0.06389950023749097,-0.05638762229742833,-0.04756637430206523,0.057639659885983574,0.04354008063269907
hand,0.07216905253526285,0.07942548959850665,0.11080958863863993,0.0271920254239989,0.06620090347047522,0.16670983046535903,0.19464967804785882,0.0,0.08434317110492218,0.19108717061626057,-0.17053679664647425,0.07663750098106296,-0.0605669780341134,-0.2504484452311673,-0.19975644133514311,0.05787187988781339,0.039630040224817975,0.07239471071742715,-0.023594722708187965,0.02961935403362173,-0.010397511356831646,-0.009912378530828603,0.10946331995601788,0.08543917297649084,0.016375489058491843,-0.1647652478527149,0.06743985272221562,0.12040488665307858,-0.10705307129338631,0.07676107226025292,0.06105903636508922,0.10422727196274731,-0.08761527418047196,0.16050553666993017,0.042933326043340714,0.18920769101807056,0.013767689668848226,0.08188743979365931,0.0830693904189943,-0.13082073222070117,-0.2865381290685945,-0.16906067635349314,-0.004609328647462163,-0.018573968610405722,-0.007376555480923586,0.14696547558408912,0.22786147510756552,0.22119722885955218,-0.13717260054813485,0.17121541452715316,-0.04272145581981511,-0.04088065048229936,-0.014718527429800593,-0.08380188038326186,-0.0379982889830785,-0.005349563969517357,-0.10363696061983624,-0.1258085860260603,-0.05005226566823645,-0.11176021120988869
foot,0.0525946929507311,0.09894747676466426,0.037187309843974725,-0.012861416215793398,0.005665925278433903,0.14384983694486875,0.22063234443056,0.08434317110492218,0.0,0.10889151888329734,-0.2514289211567534,0.011956638305461897,-0.09529239983339952,-0.17594211587234168,-0.15207318250975227,0.01313005767074854,-0.03089409318736472,0.10665157193049354,-0.09359128679522777,0.04730744744295895,-0.04931420542117276,-0.0485510391490519,0.036037630660528036,0.03968349826078127,-0.04469065085350571,-0.12006748696104,0.03580674448321139,-0.046277947992823754,-0.040412388174493274,0.006937094843435465,0.0566518587920653,0.08907028413419635,-0.059258874444308995,0.158277754760964,0.024821725004216366,0.1510966436531958,0.009782857818669,-0.04733431208683342,0.0852022358618712,-0.09598742898597296,-0.1478571039037781,-0.09098532020094968,-0.038785045006754726,-0.07848148471897025,0.04327998222290472,0.1230958250296055,0.15158818717038153,0.18065753622331857,-0.05556629162403953,0.1990739479452003,-0.04850319563367078,-0.061686288354534186,-0.009334824119174051,0.007172208682440201,-0.08442109589548072,-0.005218687127244714,-0.09115144977444989,-0.06482926217369944,0.010145227346763097,-0.030817975054934943
eye,0.010684582279073984,0.10127223257551898,0.09567068143358942,0.07605780751542918,0.11050659499137042,0.1782088396336159,0.15637633192107447,0.19108717061626057,0.10889151888329734,0.0,-0.06876720867282682,0.08710994837370176,-0.007907483064636539,-0.10059521852849715,-0.056811442817531005,0.008749563084038292,0.07144213058350413,0.0749119045033888,-0.05272152373135236,0.02670407067305411,-0.010996961754389134,-0.024708722046867332,-0.01001746576363316,0.13281339702641265,-8.357698692385007e-05,-0.04632957877401958,0.02360027433895881,0.027688674015299508,-0.07075460805166267,0.07172653656061143,0.12697834917156076,0.21510257386027312,-0.03978311065829693,0.12932605506528574,0.14776631015178737,0.13032139443496732,0.02025490902566507,0.029909188875846815,0.017816792668256975,-0.13473650392742353,-0.1397845501198574,-0.08405882645836746,-0.0023200892201127865,-0.027347078641088707,-0.035320723575117535,0.06744167308681848,0.08735707539414539,0.039458611385092046,-0.07927212137134815,0.14385487738960884,-0.0011937347992874991,-0.048209455401458615,-0.0036493583350657444,-0.004126980953674614,-0.011533469831302101,0.012667627853551966,-0.0817974814777391,-0.0554181971042354,-0.024195183790825914,-0.025720008645506304
apartment,-0.07396933973492242,-0.073905255757412,-0.07922163692712522,-0.1538338670544309,-0.03430955516902376,-0.12106150193640983,-0.08518228456897377,-0.17053679664647425,-0.2514289211567534,-0.06876720867282682,0.0,0.019927295018554725,0.18304888059357227,-0.05663407442085516,-0.22290053443502106,-0.209470801255857,-0.10221657229653047,-0.05724186646848156,-0.24956877656942034,0.04631020003230282,-0.10563238349909357,-0.10120151966099605,-0.0963843354580768,-0.10633156881468057,-0.09489623310206274,-0.11555332312220187,0.04500013050313931,0.06006908838338276,-0.15216523970868276,-0.09461571375740882,0.018208014378903598,0.058711201316768435,-0.040987199955420967,0.03565011617528027,-0.028187023513602402,-0.16029026321151307,-0.19454237234369331,-0.22510681537254784,0.025097589759099787,-0.053823320822849935,-0.27043420070676205,-0.11659829988188052,-0.11026950767949856,-0.1541261503866736,-0.04685663466674764,-0.024495918567600694,-0.027919792517792134,-0.05074407916248096,-0.2034677179963269,-0.009639397024579888,-0.026683831176356324,-0.027684633941250886,0.005170446808359513,0.007222865463367971,-0.03156416691925435,-0.1093716238524789,-0.20341317170771972,-0.0857276946910217,-0.19241644341216635,-0.17847763916821835
igloo,0.07600474915808395,0.14353434976662116,0.0431677015506656,0.025635041801127995,0.10359052449160439,-0.01832396311944788,0.026403246739894706,0.07663750098106296,0.011956638305461897,0.08710994837370176,0.019927295018554725,0.0,-0.025929986695860774,-0.09363778945201574,-0.025742578053556543,-0.06544442029915795,0.08435154562729213,0.03364368763166564,-0.023798031507410555,0.044938844867480954,0.04243195385369,0.06443785490564499,0.06706111932050202,0.057609669299000785,0.03757043892061622,-0.05126799506058288,0.23211356172844574,0.026969491355868264,0.009903158048417418,0.07221877808199259,0.1348239645717449,0.1445283455945497,0.008391861111773369,0.18072675736224653,0.08186934022606854,0.02447611391176366,-0.021456268761026492,0.03396406491937434,0.04627929453740717,-0.00880244919875954,-0.05310762533107365,0.12573783273831632,0.11826311727207012,0.011174408562831695,0.11483403658183329,0.04717965267087407,-0.0010438291330734373,0.034851683254324445,0.12644678996359388,0.07782466917871583,-0.02302767924974805,-0.071018096363672,0.011287183500247586,-0.014969442919068071,0.026754615087056552,0.11959949553799479,0.026989132922861564,0.05728642272480676,0.08554992320921176,0.021900522032350073
barn,-0.10340188050932159,0.005405434805604736,-0.07932549913865622,-0.09147719145675914,0.04607804917004005,-0.0519833562765106,-0.00487389861512702,-0.0605669780341134,-0.09529239983339952,-0.007907483064636539,0.18304888059357227,-0.025929986695860774,0.0,0.13488875172206205,-0.01834543135309663,-0.08393026159864858,0.019276336434601027,0.07225885784095465,-0.08174670210353385,0.15971776067765825,-0.10820751911261321,-0.13177166481812133,-0.07170976583938886,-0.0736688716227126,-0.1038478252993453,-0.0615618617383252,0.11931349477692685,0.08230943919037587,-0.08531427123609217,0.047670380024442294,0.044843136624656554,0.1295044502156715,0.06544645249739559,0.13552491039036105,-0.015527331181738824,-0.02731951150896081,-0.0991029800515758,-0.07529770901544702,-0.0023158148767086217,-0.08335806883981202,-0.08407198471721825,-0.04418936457408816,0.05298076284050679,-0.11162630678331201,0.048617145859068234,-8.20754954252989e-05,-0.003596849797815299,0.004830152358440004,0.0299442738354537,-0.022313085213637895,-0.06829837344070139,-0.11835277217089404,0.02249021115924904,-0.04824902268970559,-0.026295174837924304,-0.0664725636169766,-0.08349054214639642,-0.07247102727664692,-0.09400598027075985,-0.05255007895591285
house,-0.0975665884430846,-0.0738330734041511,-0.143910328678829,-0.20791557258365506,-0.08468502737063877,-0.11061960535345479,-0.13464007816470785,-0.2504484452311673,-0.17594211587234168,-0.10059521852849715,-0.05663407442085516,-0.09363778945201574,0.13488875172206205,0.0,0.19443402165951018,-0.2879436147272951,-0.17998892918402976,-0.09725211797609498,-0.21151572605327318,-0.00037075139724415673,-0.12709583140045574,-0.10140144170271131,-0.1472115063763937,-0.1387578415415292,-0.14674602849625973,-0.16512626362479682,-0.027366854911555105,-0.06812306084881475,-0.22931151897534602,-0.15274080335437396,-0.033378598309149216,-0.09464141505989028,-0.12395486907454487,-0.02965209113079062,-0.0840252070213196,-0.14192597407614238,-0.11887191229213533,-0.19104378112741452,-0.08766224047322627,-0.05055066600463223,-0.2526379362623037,-0.25752088064821904,-0.1396528457498376,-0.12536235845183458,-0.010259837969338187,-0.00971646786074852,-0.024734478601651795,0.02326193452490652,-0.0965269865310179,-0.17123071397269424,-0.04046520260403622,0.01305098093389946,-0.09904228551028688,-0.06501529838064429,0.0018006379086817625,-0.0975226573190448,-0.10816090369836981,-0.030415382193995283,-0.14281613942916044,-0.16862034574176743
church,-0.04742023048126001,-0.0908594078618759,-0.07525687895480113,-0.0767642000954423,-0.12430996334512637,-0.07678384626747281,-0.12730406227683996,-0.19975644133514311,-0.15207318250975227,-0.056811442817531005,-0.22290053443502106,-0.025742578053556543,-0.01834543135309663,0.19443402165951018,0.0,-0.2677309573263321,-0.15579516865121196,-0.16850952160412058,-0.25390237977318725,-0.08995901855475016,-0.104599521001413,-0.10655495829602173,-0.06964076665864705,-0.1562529878287222,-0.14810846478941442,-0.1192181173481327,-0.08609228218015781,-0.13036492252845136,-0.1579481411942243,-0.07679699916249103,-0.024518743188447496,-0.04844656256118772,-0.09554071178781512,-0.05262559149918705,-0.08185984838157452,-0.06991765166327565,-0.10227103627705,-0.18671538372042895,-0.07378206970049314,-0.05530182429385036,-0.19452770142065892,-0.15092745755074163,-0.14556379024775049,-0.0660572917151459,-0.11697950971956103,0.007737662709905082,0.008197508514866045,0.02305210322418402,-0.13643237767502361,-0.09896657226657678,-0.008297194172847931,-0.015765270404221703,-0.09514822892552202,-0.0013458695707038865,-0.007472519654265944,-0.10202550498317647,-0.1326260166305211,-0.023587800208031584,-0.139115252895803,-0.09343725885867254
door,-0.010614792689511432,-0.05080668763051846,0.017782292510295394,-0.03606052018435735,-0.022122355929767662,0.11801871350618298,0.17257655603012279,0.05787187988781339,0.01313005767074854,0.008749563084038292,-0.209470801255857,-0.06544442029915795,-0.08393026159864858,-0.2879436147272951,-0.2677309573263321,0.0,0.10728606476043945,0.22003575040573087,0.10302980367615433,0.19946362748868346,-0.038181715660602744,-0.07452928515513135,0.04547123937456132,0.03008009195701944,-0.0723354939482061,-0.16033130956177488,0.1818829972512262,0.08732763333902616,-0.05639965413195508,0.17567137738461824,0.06577314454812061,0.11711904860542754,-0.06055013722273306,0.03095711294205644,0.02574934446069807,0.07643240650769545,-0.0712008550504396,0.08538668047346798,0.019783054211568535,-0.11386142861515165,-0.29543789420945754,-0.14714879050135315,-0.03296037284216724,-0.007193527121737153,-0.042436926445377554,0.06930027511990455,0.1043958975583496,0.09293500066256932,-0.19789791061369896,0.04945921116198143,-0.06288165214426952,-0.05411140012158593,-0.03938582826200118,-0.10174271920860853,-0.0385597954608823,-0.0029643816425251046,-0.10824079553176624,-0.08670240047793326,-0.05990053692387909,-0.13376525556036697
closet,-0.035856321139388414,0.08266726980831601,0.003517904939801808,-0.002883683014381244,0.08222596247945849,0.06489065124995524,0.09217216760661795,0.039630040224817975,-0.03089409318736472,0.07144213058350413,-0.10221657229653047,0.08435154562729213,0.019276336434601027,-0.17998892918402976,-0.15579516865121196,0.10728606476043945,0.0,0.11982149191855468,-0.0177327410399285,0.08425062108828155,-0.08240942572934559,-0.09659879172467256,-0.018436087336566542,-0.05708294442334483,-0.07284223739991191,-0.1045892443945661,0.21823191582604595,0.023734502942110658,-0.09130895981704393,0.10710447532772649,0.20509345324132397,0.10022442720252683,-0.039790980097709844,0.15639144985036413,-0.013723113490568484,0.011112020231113906,-0.04062377640429293,0.0017697601725885637,0.09482171930709002,-0.04050698975605799,-0.10863418064186926,-0.020617934478474154,0.02799205963149462,0.15165499919047498,0.09539784567166584,0.030470540057314865,0.026594193958250745,0.0012839928013630986,-0.06720534505806924,0.11323597870663407,0.00028688620313141455,-0.09664037383381092,0.043056988702319846,-0.029636600154419795,-0.03803124763640742,0.03163905592638949,-0.05168212914296877,0.0030488713071931406,0.028227686163519977,-0.02317910009049584
chimney,0.009841183733938053,0.09137927403489421,-0.02205290013412417,0.008178478806428857,0.09666877531513463,0.05156459247034903,0.06052776206426644,0.07239471071742715,0.10665157193049354,0.0749119045033888,-0.05724186646848156,0.03364368763166564,0.07225885784095465,-0.09725211797609498,-0.16850952160412058,0.22003575040573087,0.11982149191855468,0.0,0.13088806167067307,0.408699852652727,0.06529831989449292,0.020517201576983807,0.05588032273056728,0.032564134436305014,0.04907430921656278,-0.03085980008550883,0.1879001825673802,0.03635739746104755,0.04491751576134578,0.11372330181928211,0.07132656118379274,0.11821169994538985,0.06583139351745704,0.17168682805152685,0.05059793342138438,0.16039039439452185,0.04118733957110174,0.18628181467666582,0.08813868534692285,-0.019423802280232702,-0.07473479358701048,-0.0021401204785134464,0.01728330494787514,0.12782828532424856,0.05234138802343244,0.13724022498325444,0.12164894700535284,0.106622129306195,-0.011952453759167841,0.22137889566231903,-0.05036006596728207,-0.10729921543265081,0.02212875102111793,-0.03192527263779274,-0.038063363869409506,0.05434203051894215,-0.02000483293028349,-0.012012622484575713,0.04035718418175899,0.0264921748955379
window,-0.08114667654502816,-0.06757968277567575,-0.040215433525759264,-0.07513018749824985,-0.018110041609848415,-0.04720512895613521,-0.0349280594493136,-0.023594722708187965,-0.09359128679522777,-0.05272152373135236,-0.24956877656942034,-0.023798031507410555,-0.08174670210353385,-0.21151572605327318,-0.25390237977318725,0.10302980367615433,-0.0177327410399285,0.13088806167067307,0.0,0.1779240232724505,-0.1263216405565611,-0.13049001751837913,-0.015197611952638607,-0.07451422799127666,-0.13485376127157142,-0.1845493856854965,0.02844565687818479,-0.07625617897697634,0.006049404236255884,0.0779425974997357,0.04897517148798548,-0.014201582195668278,-0.13600833559957154,0.04300886235151559,-0.03645674588743389,-0.04910972623608428,-0.17447298898867447,-0.04125621924007172,-0.06883904154989415,-0.12340289052926448,-0.2118141032507028,0.03778571695407612,-0.1394460650010429,-0.0949044794360257,-0.08610888968462957,-0.030232598426078394,-0.004727437351150887,-0.07254950019699383,-0.30339829533333706,-0.019640856733663503,-0.11945636599725204,-0.10627964227353187,-0.07239885534911097,-0.10631688092983942,-0.08682327115431825,-0.10861049129578293,-0.17326169026593824,-0.12644994800598122,-0.12998709894924737,-0.18591526226893676
arch,-0.03396567512989829,0.030569116132426966,-0.00015001722508903303,-0.006657781697518211,0.03927581740373834,0.0032907894947084015,0.06721011093510493,0.02961935403362173,0.04730744744295895,0.02670407067305411,0.04631020003230282,0.044938844867480954,0.15971776067765825,-0.00037075139724415673,-0.08995901855475016,0.19946362748868346,0.08425062108828155,0.408699852652727,0.1779240232724505,0.0,0.0497973202383703,0.04350284623244577,0.10575111289074415,0.019846346899414696,0.08179892796775011,-0.09399544214033154,0.11366311562215439,0.03387983295411984,-0.03845136927094697,0.06759509242044015,0.05889809020828243,0.14362781558614296,-0.025227303889677838,0.08555322241202071,0.09396208207664139,0.10151168163272842,0.013640837054577165,0.10576389272874487,0.0019071065400754206,-0.13194939111790333,-0.08940058808952436,-0.10159290714318528,0.015367606233030351,0.016962218466190893,0.05324906795722428,0.019038714593656775,0.10110872009385674,-0.010029930328471742,-0.019976101066949303,0.16728314113399753,-0.013985094412539652,-0.08190002743400257,0.019750841199375313,-0.05194298721989998,0.032344348940193904,0.049570848654415106,0.009171019629233432,-0.027768233396803427,0.08118550612192375,0.018206474474420434
shirt,-0.014825431548323914,0.06722288434382409,0.04911667136181025,-0.029202108618520628,0.07797310290089707,0.055295101923185375,0.024613263451762568,-0.010397511356831646,-0.04931420542117276,-0.010996961754389134,-0.10563238349909357,0.04243195385369,-0.10820751911261321,-0.12709583140045574,-0.104599521001413,-0.038181715660602744,-0.08240942572934559,0.06529831989449292,-0.1263216405565611,0.0497973202383703,0.0,0.19165259630433717,0.3208837354801217,0.2200953716374986,0.21663619379508758,-0.12380191124069398,0.04827403523406901,-0.0553469164331582,-0.16576767771198989,-0.08726274194408265,0.12860459809954355,0.1574646721529656,-0.03158099044054247,0.10663082675702545,0.04459592466608117,-0.013857739260738133,-0.07730363969512549,-0.022140135943307604,0.006060743316553624,-0.039612907319317325,-0.16360273807172046,-0.12532540184595053,0.0184670211557435,-0.07470580960796672,-0.018842404674295904,0.021480440477340795,0.02909586699572063,-0.03066035732614597,-0.06716412225320081,0.09540403061701616,-0.09724715359194085,-0.09195966819715098,-0.03330488613095624,-0.04921696576729753,-0.11101958071677087,-0.09544596864816055,-0.10014657038646277,-0.032891803061719654,-0.07379339713941219,-0.05276638631267126
pants,-0.02117996194129937,0.13002106026417043,0.05157838005630372,0.06036625078342195,0.1135311104956919,-0.010411341032301014,0.032682777039977295,-0.009912378530828603,-0.0485510391490519,-0.024708722046867332,-0.10120151966099605,0.06443785490564499,-0.13177166481812133,-0.10140144170271131,-0.10655495829602173,-0.07452928515513135,-0.09659879172467256,0.020517201576983807,-0.13049001751837913,0.04350284623244577,0.19165259630433717,0.0,0.21836181254675913,0.19882097940466747,0.15594637078437035,-0.14132504740838875,0.017079590636806696,-0.04473977687967062,-0.14181552418099133,-0.07301669876296393,0.1384951888940485,0.1257351358486223,-0.07070386570640128,0.11610674384760687,-0.0003272377350908018,-0.0022119294689858515,-0.04598634370537291,-0.06911805528298234,0.01466116676374446,-0.08194396073431238,-0.12366164858149832,-0.05397436966191532,0.05036262839942235,-0.059134705534379606,-0.04962949454745327,0.010731288071317152,-0.02380783295738592,-0.03693116770392593,-0.0945304998247751,0.10367327553462061,-0.06669603249902073,-0.08765167540718352,-0.04757182804662298,0.007740065066996288,-0.08707403745089935,-0.08055607750665894,-0.09720328568487124,-0.1017060469700623,-0.05490506860542704,-0.08114249352972927
skirt,-0.0055959037026146186,0.06032131794648993,0.02641070997464165,0.01532653774096901,0.028985075587547815,0.0975457506165957,0.07055674140242069,0.10946331995601788,0.036037630660528036,-0.01001746576363316,-0.0963843354580768,0.06706111932050202,-0.07170976583938886,-0.1472115063763937,-0.06964076665864705,0.04547123937456132,-0.018436087336566542,0.05588032273056728,-0.015197611952638607,0.10575111289074415,0.3208837354801217,0.21836181254675913,0.0,0.24983705976510207,0.1780769709391119,-0.10826583200984255,0.11225870580631417,0.006570113711193093,-0.07405377176776479,-0.008403697133750998,0.09646490217322733,0.1853895597702102,-0.08333488275242937,0.08860986082552777,0.047826859861884535,0.07800575347433761,-0.01563789150521272,0.014376050046130628,0.0180747513635581,-0.07731771545280756,-0.1292846083368676,-0.09380613295448594,0.005517443989435322,-0.007033766033818778,-0.04084108240438178,0.02980947140616605,0.027957543852018124,0.021757283924435933,-0.03578107474861025,0.12341909208790725,-0.13846967645395736,-0.15503149064156246,-0.08020524147869787,-0.12919729164810714,-0.174390752736819,-0.001549373928225739,-0.03390331610745871,-0.08176783524773046,0.03131163655234456,-0.012850757511832178
coat,0.0214064251621654,0.10564266294531471,0.11004298994026657,0.05435388912827832,0.17339841486670765,0.08694273596542335,0.004940300295930122,0.08543917297649084,0.03968349826078127,0.13281339702641265,-0.10633156881468057,0.057609669299000785,-0.0736688716227126,-0.1387578415415292,-0.1562529878287222,0.03008009195701944,-0.05708294442334483,0.032564134436305014,-0.07451422799127666,0.019846346899414696,0.2200953716374986,0.19882097940466747,0.24983705976510207,0.0,0.13846439822291834,-0.1210749390240464,-0.011672321877115033,0.035116543125952304,-0.0838475225592211,0.017332642883732402,0.12605455905726282,0.1679899866701326,-0.06847229128213422,0.10686730168808134,0.04862985627102817,0.05128884911569459,-0.027490386875957895,0.07049389160841046,-0.04444262131798782,-0.09793280974331836,-0.08254049044020279,-0.0568117019306322,0.019086839081369017,-0.12861792017640672,-0.07940257825215966,0.013720207422013686,0.008853135706554993,0.05595614558681253,-0.0452753037934997,0.06865676467345797,-0.08727594897125629,-0.12043567966608928,-0.068209505617224,-0.020400612228710868,-0.1045080240444328,-0.03478402229676078,-0.08612493397048585,-0.07993130618929886,-0.02591618108107646,-0.05482487481244337
dress,-0.061016235096186894,0.11205062098994792,0.04057229297513004,-0.006036122648558295,0.035216000557110605,0.006385269317611353,-0.00017724753976033902,0.016375489058491843,-0.04469065085350571,-8.357698692385007e-05,-0.09489623310206274,0.03757043892061622,-0.1038478252993453,-0.14674602849625973,-0.14810846478941442,-0.0723354939482061,-0.07284223739991191,0.04907430921656278,-0.13485376127157142,0.08179892796775011,0.21663619379508758,0.15594637078437035,0.1780769709391119,0.13846439822291834,0.0,-0.13055334218322195,0.08247017015468733,-0.023617799024038932,-0.12004364757542596,-0.08262978199109022,0.0549755481117945,0.17194123866012226,-0.09859490068017071,0.05569518387830533,0.04853295435614874,0.004446518064704474,-0.12547705189268163,-0.04509865578214167,0.016275684731928308,-0.10511304268849794,-0.16578663744824093,-0.08107684130849692,0.011222009683974465,-0.07570249860059662,-0.030745673856053785,-0.01581154214148678,-0.01138155562583984,-0.027737535745318648,-0.09137230845347136,0.05360551801327357,-0.06363219724146867,-0.08716155114682186,-0.08115043034976817,-0.07588251006415889,-0.11596822069551045,-0.03843827578874423,-0.06620773303182503,-0.125774039693389,-0.05059240340144311,-0.04834015935097122
chair,-0.057967373879096895,-0.002653075041328834,-0.05003049324978495,-0.0970169493779639,-0.013186270333156766,-0.12382921698458732,-0.09080888052824204,-0.1647652478527149,-0.12006748696104,-0.04632957877401958,-0.11555332312220187,-0.05126799506058288,-0.0615618617383252,-0.16512626362479682,-0.1192181173481327,-0.16033130956177488,-0.1045892443945661,-0.03085980008550883,-0.1845493856854965,-0.09399544214033154,-0.12380191124069398,-0.14132504740838875,-0.10826583200984255,-0.1210749390240464,-0.13055334218322195,0.0,-0.03873127944141935,-0.12794112363145865,-0.23000415160565002,-0.0848268608778529,0.029571045096596055,-0.006867221629200532,-0.0820232700953028,0.05982456927909431,0.00566801274063905,-0.12360885196182553,-0.13154247691787224,-0.18567582011707373,-0.11813284106923841,-0.035218585297333876,-0.11813873524941697,-0.06407619361504877,-0.1098083896747124,-0.12341451118627139,0.21074431938829283,-0.1249263317612797,-0.019029905316266346,-0.08578606074766043,0.015361209768002648,-0.05799784646981376,-0.06323832511671426,-0.028401348638663577,-0.033000664519265796,-0.07687478608993083,-0.09991872503859629,-0.08977223352671451,-0.12870141858746836,-0.08846492716694182,-0.03549698525864167,-0.10772423288598934
dresser,0.00344424441146432,0.06294306926786583,0.030088625691154253,0.053404515707042716,0.11456246068804918,0.03564664090924674,0.010130544801034341,0.06743985272221562,0.03580674448321139,0.02360027433895881,0.04500013050313931,0.23211356172844574,0.11931349477692685,-0.027366854911555105,-0.08609228218015781,0.1818829972512262,0.21823191582604595,0.1879001825673802,0.02844565687818479,0.11366311562215439,0.04827403523406901,0.017079590636806696,0.11225870580631417,-0.011672321877115033,0.08247017015468733,-0.03873127944141935,0.0,0.1377479865006222,0.05857278170443017,0.12163699244309362,0.08384765425670399,0.10246753091379615,0.04227103445046103,0.07035964462949232,0.08869505931732563,0.03698926643535,-0.0032462814434670584,0.06330175645157465,0.12939038595627037,0.026230528455021773,-0.1204691566347173,-0.012795318195847713,0.06308376040452435,0.22442043490299912,0.1422147945497971,0.08957239630511002,0.09468586738542276,0.01173530742795098,-0.029221787920493042,0.14420885164036756,-0.07700519122258896,-0.051234413337031534,0.06056449219297794,0.013256959351064218,-0.09138487644497868,0.056337571269616166,-0.0483870993260935,0.015269319048272917,0.04498083535284805,0.06960462674123497
bed,-0.026730664861838116,0.10634175149334987,0.06512978371000955,0.02948725769385091,0.07761383389272719,0.021884231349745653,0.08359794686143629,0.12040488665307858,-0.046277947992823754,0.027688674015299508,0.06006908838338276,0.026969491355868264,0.08230943919037587,-0.06812306084881475,-0.13036492252845136,0.08732763333902616,0.023734502942110658,0.03635739746104755,-0.07625617897697634,0.03387983295411984,-0.0553469164331582,-0.04473977687967062,0.006570113711193093,0.035116543125952304,-0.023617799024038932,-0.12794112363145865,0.1377479865006222,0.0,-0.05722134088915598,0.08697503249864491,0.03972864890577704,0.07679325360183437,-0.08462285580389914,0.04529862757112196,0.0034599208125805636,-0.00030141492487101296,-0.08659225964816891,0.011039975569244354,0.0035353245310547066,-0.08731641650810373,-0.19638840599266885,-0.06610689862269234,0.029430309111523556,-0.02647718184525938,0.017574446494060286,-0.03805643227792299,0.016801993034009283,-0.03591352925032945,-0.1109163120873764,0.05735671729521244,-0.00010307247960866794,-0.002734545194163468,0.07583537335152546,0.052187535419042,-0.06036237966264027,-0.015389607401756489,-0.08440050201090943,-0.10251469999753346,-0.09441837670168063,-0.15163782747529841
table,-0.05517589418113397,-0.02008764059845128,-0.02124340234002378,-0.10535743500052067,-0.013760774512616397,-0.09990798090275643,0.005627941789409119,-0.10705307129338631,-0.040412388174493274,-0.07075460805166267,-0.15216523970868276,0.009903158048417418,-0.08531427123609217,-0.22931151897534602,-0.1579481411942243,-0.05639965413195508,-0.09130895981704393,0.04491751576134578,0.006049404236255884,-0.03845136927094697,-0.16576767771198989,-0.14181552418099133,-0.07405377176776479,-0.0838475225592211,-0.12004364757542596,-0.23000415160565002,0.05857278170443017,-0.05722134088915598,0.0,-0.06644971124751503,0.0013442588263059552,-0.004297057163898499,-0.11783227443176761,-0.05430213877677968,-0.015550899787042341,-0.07864576341366877,-0.12303643889269666,-0.06610326596445643,-0.11615385145515694,-0.18444795303814976,-0.20478098660677163,0.06125311947036732,-0.10412359733940213,-0.035585091250219525,-0.03597388966284454,-0.04331921451843246,0.0014134359418854492,-0.049606955729136995,-0.21918855101840942,-0.12985422885820505,-0.14172306875272866,-0.11319238313517287,-0.11313757950343863,-0.14722211564310383,-0.12442823967367987,-0.04504298029700968,-0.059111263539652875,-0.05516721002964037,-0.05165256104779831,-0.05569493108898331
desk,0.05571976204514412,0.043976446409725395,0.0007076671464532058,0.027565602270456957,0.10977136830746956,0.07605187050944054,0.13657549568773347,0.07676107226025292,0.006937094843435465,0.07172653656061143,-0.09461571375740882,0.07221877808199259,0.047670380024442294,-0.15274080335437396,-0.07679699916249103,0.17567137738461824,0.10710447532772649,0.11372330181928211,0.0779425974997357,0.06759509242044015,-0.08726274194408265,-0.07301669876296393,-0.008403697133750998,0.017332642883732402,-0.08262978199109022,-0.0848268608778529,0.12163699244309362,0.08697503249864491,-0.06644971124751503,0.0,0.05737067417177841,0.07083777013777645,0.01086790071286578,0.039718741174754074,0.025423963393912064,0.068898161961012,-0.019661196357729366,0.00467731617904904,0.04241045624559572,-0.11238489706586813,-0.07779248491811427,-0.0029170303140928777,0.04110881690470464,0.09523081897394203,0.12170519381698991,0.10116713645615735,0.04301750828661269,0.02844882585854261,-0.06441237072027178,0.12262228363295549,-0.027470871480867895,-0.016217688622262957,0.06525056469802518,-0.004831995566696459,-0.05732068708367888,0.09095828247121071,0.041115432908270355,0.059222097049589695,0.03464206493200164,0.012398411678605281
ant,0.04850209779904055,0.2527951208847601,0.17308095280709956,0.07343202465133186,0.1643691960290618,0.009923887302700302,0.05592517620379528,0.06105903636508922,0.0566518587920653,0.12697834917156076,0.018208014378903598,0.1348239645717449,0.044843136624656554,-0.033378598309149216,-0.024518743188447496,0.06577314454812061,0.20509345324132397,0.07132656118379274,0.04897517148798548,0.05889809020828243,0.12860459809954355,0.1384951888940485,0.09646490217322733,0.12605455905726282,0.0549755481117945,0.029571045096596055,0.08384765425670399,0.03972864890577704,0.0013442588263059552,0.05737067417177841,0.0,0.32866533060398784,0.1281336154295274,0.32727385577227563,0.3281825193715999,0.15663663114529744,0.08069710963393334,0.030410398747551567,0.1666245336603455,-0.008888844965190504,-0.05361673162313409,0.1280821148074447,0.21264914023814505,0.05052643556741723,0.12060933530381165,0.11262653446596999,0.10120465063008213,-0.004054317577797117,0.12607557141680992,0.2583013358302841,-0.023004153589260334,-0.07467897971709646,0.04517804216112353,-0.04498362754678592,0.06461391746707026,0.12028809031596911,0.002422790791703308,0.019787496848523503,0.08962144573578287,0.13014750678467488
butterfly,0.13289026395672016,0.30266836822222376,0.22755346406179908,0.16614670176812127,0.2376378500250514,-0.014303488876595882,0.15077212700344234,0.10422727196274731,0.08907028413419635,0.21510257386027312,0.058711201316768435,0.1445283455945497,0.1295044502156715,-0.09464141505989028,-0.04844656256118772,0.11711904860542754,0.10022442720252683,0.11821169994538985,-0.014201582195668278,0.14362781558614296,0.1574646721529656,0.1257351358486223,0.1853895597702102,0.1679899866701326,0.17194123866012226,-0.006867221629200532,0.10246753091379615,0.07679325360183437,-0.004297057163898499,0.07083777013777645,0.32866533060398784,0.0,0.09967417288052016,0.3149573150417142,0.3199491315938904,0.17403430905093828,0.05411389493066848,0.15812626448037784,0.16710918881256145,-0.043314512979780895,-0.10029086757178886,0.016865597849836406,0.20018391156154944,0.04987916070558898,0.046267598268216,0.10512753567361077,0.04118864474396228,0.0648689341041884,0.09356070612658726,0.12442092062986171,-0.009296333925075506,-0.06659943257585312,0.0709293189684358,0.040400810549281546,0.0653969093353621,0.0636291026976501,0.024611781959990114,0.027803280017268978,0.12214845573313811,0.1021559861232414
