term,horse,bear,cat,dog,cow,leg,arm,hand,foot,eye,apartment,igloo,barn,house,church,door,closet,chimney,window,arch,shirt,pants,skirt,coat,dress,chair,dresser,bed,table,desk,ant,butterfly,fly,bee,beetle,knife,bottle,glass,spoon,cup,telephone,key,watch,refrigerator,bell,screwdriver,chisel,pliers,saw,hammer,tomato,celery,corn,carrot,lettuce,bicycle,car,train,truck,airplane
horse,0.0,0.09563376510434596,-0.00986708706082784,-0.05080203965659691,0.0932248444575019,-0.01995661314769348,0.1063966777771107,-0.07548086389507191,0.07598718323936704,-0.0007651757800897219,0.12490371991110161,0.11294946085954305,-0.04425267487040341,0.07201007274941884,0.09400054837294292,0.1205011533042567,0.09460477111333132,-0.057610426819835525,0.28574709320330605,0.14794140143830004,-0.06142915143744643,-0.045161233393765876,-0.018120554800720834,-0.039333541278811834,-0.037826484122610804,-0.016692404697532193,0.03485712817722042,0.09502943084570803,0.0056885795361988345,0.006537345991162069,-0.0800647741712901,-0.08445210853813945,-0.0028155555383571063,-0.1064712044366044,-0.05256886108670511,-0.0018323984114382297,0.008422205589312615,0.04353795359343937,0.13174931424336045,0.025233898368200447,0.15961194764161923,0.07094075863807225,-0.07021341416777094,-0.09877427011446438,0.04258136468864038,0.036130866064225664,-0.04378065853560387,0.05201442849846283,-0.03139777611380268,0.18804352784708678,-0.05163886673467233,-0.01995346620538252,0.11585556185859747,-0.06111323261960633,-0.011305116459283449,-0.10078172691222431,-0.07392095557178957,-0.02173479354448371,-0.08716816958654738,-0.07157003603258028
bear,0.09563376510434596,0.0,0.17815686741761794,0.14570830754324238,0.26702824790681756,-0.12262370952583218,-0.04247938002017804,-0.04081254667604273,-0.09284663829199269,-0.14432929003687917,-0.128560673940118,-0.13912680392378818,-0.21423699263341678,-0.14036585233202764,-0.15333519244101657,-0.1261180009070202,-0.12046775106999286,-0.15522167553994703,-0.10605717778191626,-0.08209903617573777,-0.15457062378833764,-0.13933471448394852,-0.024075640488021244,-0.14308153222952558,-0.08657797398028544,0.05596581800767175,0.13764906102015695,-0.09661093045685609,-0.14347418544234158,-0.15102964788235484,-0.0146007876279034,-0.04177519061571111,0.04932826656376421,-0.08915748909206445,-0.013107537669469482,-0.16780936488485765,-0.166685646304637,-0.13548976375181782,-0.10676668044965759,-0.09071705860056872,-0.11260000285040717,-0.009106535729233367,-0.09079792914550577,-0.1868866810112919,-0.012505962221948996,-0.10852374757367478,-0.21534895902741458,0.14102837022804993,-0.11387914550999356,-0.218662932719916,0.09918473574443532,0.12193340188248353,-0.003371873987901175,0.07220731073089759,0.10626501311000092,-0.14269644624502764,-0.18604662354500945,-0.14583947455829976,-0.22552201498211033,-0.23842478741292805
cat,-0.00986708706082784,0.17815686741761794,0.0,-0.015056373599847461,0.12470242940945853,0.108093339376516,0.24651183274294464,0.050765799140134904,0.08873863413077943,-0.08677584397048754,-0.053414135605049595,-0.07323116936190122,-0.1253939159088363,0.010490950853600411,-0.0004943380206365866,-0.060857355492621834,0.00010131706911653549,-0.11164813746592483,0.09558496790328719,0.0271346641489707,-0.09452981950407491,-0.11294500114243589,-0.02696961646985796,-0.07767738026458004,-0.07379770547694686,0.20037609054827166,0.06453860429335434,-0.03215586467304621,0.010320632450121159,-0.04161860387338523,-0.13047322286468344,-0.008497738149919387,0.04091804634785934,-0.14664889654757196,-0.09462379258787146,0.16056431921865633,0.06611161019897926,0.21860219286626215,0.1258485595871316,0.1541862195420537,0.024892207285398094,0.223782247589424,0.10913130039532415,-0.1585892445441105,0.13240385113200048,0.04359339078536917,-0.0714930894966943,0.06115557171325203,0.082108132903565,0.06950350146571749,0.07819858628414367,0.09922620079981659,0.1018504389683711,0.05813667175232162,0.10098722270305344,0.11961095737811323,0.20617659745407346,0.07453304727416044,0.19730675674743903,0.052786760867279736
dog,-0.05080203965659691,0.14570830754324238,-0.015056373599847461,0.0,0.17528627849252343,0.2654489371010017,0.1922037880227141,0.05774019859916768,0.2269762640529498,-0.001738238436018169,-0.03455090737670763,-0.01637065461615783,-0.11047448429651774,-0.033203771730166864,-0.016202090943097214,-0.01953402329018261,0.07665180591215137,-0.06300430037503335,0.14065224920082597,0.07928711922957454,-0.07450643130950929,-0.0545454492780143,0.009559995855131675,-0.04524659818776766,-0.03181480663972214,0.23940175990296697,0.1416022023218182,0.003330189611122747,0.050425124269924626,0.023469162405006738,0.03734529032221734,0.10229192075273941,0.09342451898487136,0.005800472322567973,0.07015278819183324,0.10223858764563487,0.03827939898299515,0.14452630760580987,0.08551135749794225,0.13151915330765462,0.06955752196049236,0.24475404414437607,0.05071939354522437,-0.15411308877233976,0.16610554034327485,0.044879337033856714,-0.02491041454054166,0.1004675734742898,0.12356429306738381,0.09860757537882114,0.07189469685883765,0.11418799408548796,-0.03405454085068216,0.052001402397567786,0.10470498908940518,0.013539056567680174,-0.017374444330395256,0.09454503009333215,-0.03138681102360996,-0.05607413716819143
cow,0.0932248444575019,0.26702824790681756,0.12470242940945853,0.17528627849252343,0.0,-0.1474957179641564,-0.10399758372322976,-0.005855548215562334,-0.13896019701928464,-0.15139372557130826,-0.11703221262561636,-0.16762366034984966,-0.2406738541910296,-0.10532121377505343,-0.15397273748608498,-0.12286776248635517,-0.17151925987591554,-0.19339722363391548,-0.08419461158712,-0.10890750497459128,-0.14584426262678463,-0.14456206950727624,0.007257438268624905,-0.13446864764674932,-0.11350519613496968,0.07302755506359204,0.10285913613766251,-0.07156734976837098,-0.14113326156027617,-0.1480894792151392,-0.03167457993770306,0.11116044456744562,-0.0022023662071585237,-0.029965516511946566,-0.03585655112151087,-0.19171828631626336,-0.15851098895982518,-0.12034807490594501,-0.1363464213437212,-0.10869770405982238,-0.12315023338549957,0.03357733711685673,-0.03336371143971251,-0.19374164353970352,0.011647817837374674,-0.1344363347630772,-0.15563483616101753,0.09488532361582003,-0.1463902188381196,-0.13992306385425912,0.005456848540030257,0.03172462378490948,-0.09284662390594778,0.030555035932671615,0.013948067409904397,-0.14242398722110106,-0.15637200698405052,-0.17283881464577877,-0.23951489306343537,-0.20379147976923356
leg,-0.01995661314769348,-0.12262370952583218,0.108093339376516,0.2654489371010017,-0.1474957179641564,0.0,0.12008316518069473,0.0013812296632641496,0.09732416009931044,-0.06472762619407202,0.029167546386298593,0.025412617359003353,0.01408705635891172,0.05538055646447615,0.06772247581510427,0.046761966808759325,0.09085553465117868,-0.057064784135134494,0.0989700702610532,0.0011814009053552343,0.02959973665741411,0.02380254872664589,0.23639715168213116,0.16003141504356777,0.12955013664024673,0.1965612927894217,0.07637066198617692,0.035961563247104755,-0.0038691414990588147,0.011734487139428151,-0.19928271741074932,0.1260552874217995,0.09836369434226633,-0.16004436428342228,0.02118804774072569,0.07021695080371715,0.055858885868402486,0.12500679833913775,0.08867506696716743,0.03273555708319287,0.11295629276598229,0.22075451964786497,0.07856595707184011,-0.0702156852301059,0.22189490957451008,0.0064156163116998455,-0.03684934333438883,0.0308532812279263,0.10626783536027506,0.10312476689604966,0.04160712131186284,0.0842906666199259,-0.11437472301272944,0.0443605912061682,-0.00023221604800882645,0.018770727717977165,0.05300812335089422,0.14154657501867263,0.017505924800118366,-0.008576863619912167
arm,0.1063966777771107,-0.04247938002017804,0.24651183274294464,0.1922037880227141,-0.10399758372322976,0.12008316518069473,0.0,-0.06630672671384541,0.10925069970109402,-0.002257605568996235,0.19679046729447436,0.20044713127608982,0.1961376552529821,0.1793592818116646,0.1658385110144388,0.142756358183751,0.1492900997762645,-0.02289911688665025,0.1097135114264921,0.19327232405222294,0.07168003053980332,0.1071897411218593,0.26993523052663426,0.1402729258446327,0.1442788120558065,0.19263971775268163,0.07325180386606445,0.10579975521257556,0.04917960948906719,-0.016390617979894495,-0.17148239526594078,-0.094401581113292,0.13286100567325942,-0.0028615284099808846,0.05820381399035257,0.23176418427544754,0.03599075040755262,0.14640067149953206,0.08830719676759802,0.13999170752230772,0.10803061678801751,0.21600424579098776,0.18431670712229575,-0.07306215871311594,0.22611165472085426,-0.019216485775113257,-0.048689055425751526,-0.009920803072893447,0.1522679791162025,0.06417610724757705,-0.04280542056104136,-0.0264998368942988,-0.0622069718375417,-0.04072582153190518,-0.03484130448198408,0.030424484928954998,0.0595714486190263,0.17500520529626928,0.03838349507243066,0.0268493856051083
hand,-0.07548086389507191,-0.04081254667604273,0.050765799140134904,0.05774019859916768,-0.005855548215562334,0.0013812296632641496,-0.06630672671384541,0.0,0.13187107629381856,-3.7024864302792615e-05,-0.06622802834535035,0.005065994841896182,0.09163837205687253,0.11104131240769344,0.08299017698099986,-0.13838860090234129,0.02113407846817017,-0.09116960057222079,0.0060442158529533385,0.015901443775464763,-0.16596133744853547,-0.12042257270529422,-0.08924124673614264,-0.11004620737817605,-0.12878397489192428,0.0022498159615710334,0.005762398842905303,-0.0424959698948395,-0.09347631557368064,-0.09875412256093485,-0.04908129348393864,-0.055379839779925,0.04568766548907899,-0.037377356619182844,0.006272661552676917,-0.06162143416914989,-0.0727181868885628,-0.008249389078499925,-0.01358502012500995,0.034102876563687046,0.014582284721702088,0.07473285181417844,-0.0037994929096345498,-0.17831949692834148,0.15959361665941563,-0.08607316561137934,-0.09847919938568961,-0.04928314905846565,0.028127864376536582,-0.018475789921689634,0.03594377288395312,0.07375321451708272,-0.06812783306124548,0.17100143435774318,0.051497907454870484,-0.027693443623467484,-0.048389276533948866,0.16376909770982517,-0.030410098845912392,-0.05468270725586044
foot,0.07598718323936704,-0.09284663829199269,0.08873863413077943,0.2269762640529498,-0.13896019701928464,0.09732416009931044,0.10925069970109402,0.13187107629381856,0.0,0.12470684024895007,0.03944712694101937,0.09710931896498909,0.07303112205237827,0.12537736630253948,0.09761762808447905,0.09429484016008882,0.057832297266940946,-0.13753610039639552,0.11591013315790166,0.08289722472560934,-0.0892250217673417,-0.09662495206010935,-0.04004333686878758,-0.012924688730889367,-0.032346408387666004,0.20040310223936852,0.07997711963050258,0.24599877926815483,0.015170572170406627,-0.014622111779756697,-0.1156946873597805,0.1276228592061075,0.08636564167532523,-0.048741325164138316,-0.007806347575220696,0.09848410143883968,0.05912994897349133,0.09072792005843477,0.11269223479824753,0.10724748290362018,0.1103714546249982,0.22056857962836984,0.04000151988781542,-0.11444833362134821,0.23022498348508647,0.034637103563881055,-0.01704256726895159,0.06568194134283933,0.12768560582192823,0.11936617533537941,-0.025544386216879378,-0.008702242470020605,-0.10482923249443127,-0.009487738276083957,-0.03292359293376135,-0.0014470009982351373,0.017629910616389854,0.10352785063656356,-0.0198967555799765,-0.02720233653314086
eye,-0.0007651757800897219,-0.14432929003687917,-0.08677584397048754,-0.001738238436018169,-0.15139372557130826,-0.06472762619407202,-0.002257605568996235,-3.7024864302792615e-05,0.12470684024895007,0.0,0.06555349688449752,0.030615990003798887,0.05675741434784709,0.05325416416962103,0.07144481369271971,0.04789970848662273,-0.014891654386684161,-0.011902149294070408,0.1429550044556025,0.06084804730574245,-0.018465060828620983,-0.024666747254844856,0.012160241682812156,0.06780451337391658,0.011236775492243445,-0.012374206897224238,0.018511375608883496,0.11239680695350274,-0.013843266299840895,-0.05137994831450521,-0.20489639396111858,-0.15750730376143796,0.17654117599013652,-0.20989753559916047,-0.0374575150914771,-0.06561276634704238,-0.006021443811370819,-0.0057109639577563875,0.05665185158315822,0.33272563454569415,0.08103500208100523,0.236982698982257,-0.18678292097699567,-0.019601926345453324,0.2708855426353516,-0.0062601654052582,-0.03143796655536424,0.0122438579682419,-0.09206524785299541,0.04683758758541212,-0.06058986744134648,-0.025584299181445835,-0.05063964515483105,-0.009174566323329247,-0.05348922458957317,0.06360895892200646,0.03795739060392145,0.08202008701921826,0.009385310777039524,-0.05660781320426467
apartment,0.12490371991110161,-0.128560673940118,-0.053414135605049595,-0.03455090737670763,-0.11703221262561636,0.029167546386298593,0.19679046729447436,-0.06622802834535035,0.03944712694101937,0.06555349688449752,0.0,0.08611077013470292,0.001272693153913318,0.08978975895741381,0.08644187000953152,0.10947543829787054,0.014912897686625293,-0.0903964876946366,0.0005774222991570266,0.21484419521980824,-0.018788495832265606,0.003202833645012726,0.029799132159391117,0.06894296950371537,-0.006261097193012488,-0.0709341992377065,-0.04403326971588306,-0.014030009277318234,-0.055883838325506474,-0.11963974623027018,-0.16669249727040292,-0.14301626494000708,0.0592213295184002,-0.15823167890705347,-0.039138317943503975,-0.03943827450837056,-0.04218142907642486,-0.04572012581971696,0.07898681365037596,0.058443694345935104,-0.022311800400338977,0.026620562718063345,-0.10631489704199348,-0.15246751643681034,0.12607805295160845,-0.015196822564717105,-0.050984062052965795,0.01076054933304127,-0.07350802196708728,0.019167378670851498,-0.0788933796472579,-0.05051768348121716,-0.14570306022208573,-0.03320046759002382,-0.06824462434631146,-0.031869159203204656,-0.029973311921267287,0.05998616361430731,-0.0854791297265809,-0.1194940068555751
igloo,0.11294946085954305,-0.13912680392378818,-0.07323116936190122,-0.01637065461615783,-0.16762366034984966,0.025412617359003353,0.20044713127608982,0.005065994841896182,0.09710931896498909,0.030615990003798887,0.08611077013470292,0.0,0.011116255727975255,0.11846624151015628,0.15499791031317922,0.16025616071307403,0.015210535903323441,-0.1372682244555783,0.0634572971615105,0.14016770461333994,-0.00486131568933279,-0.03578999357130919,0.0025388321732413566,0.07351344030622153,0.03126079662928305,-0.051898306438254216,-0.07214016016531477,0.06563884460807301,-0.023412829576578975,-0.07984799256857866,-0.2719939518207824,-0.18094926946417428,0.05484397978628186,-0.2028938741367729,-0.11567399939399592,-0.03930452797784467,-0.03523136124774806,0.0015704271133911707,-0.0048983334676538925,0.05810704007576706,0.04652781146041285,0.08342015929539603,-0.07250428233443618,-0.1440547099132371,0.12433536133423417,-0.08049963756308165,-0.13349330469568388,-0.05872317349324163,0.016447647339055793,-0.013814583717829731,-0.10113248966480504,-0.08741169343965949,-0.15460008239522816,-0.08364982656182857,-0.08433143288999734,-0.0246278690094327,0.11492585114637144,0.09362068034544702,-0.039568300722434446,-0.12668058380517655
barn,-0.04425267487040341,-0.21423699263341678,-0.1253939159088363,-0.11047448429651774,-0.2406738541910296,0.01408705635891172,0.1961376552529821,0.09163837205687253,0.07303112205237827,0.05675741434784709,0.001272693153913318,0.011116255727975255,0.0,0.11363880135951132,0.1467770096469837,0.08448249834618182,0.031000712009027542,-0.17982911924030676,0.017491954910319296,0.13109652048141152,-0.033814509802874926,-0.02148276100965174,0.0026095526358510535,0.033056913842046676,-0.008812339426063964,-0.0664994169388462,-0.06124680561675666,-0.010388224274996305,-0.05580730997949179,-0.0679680600391177,-0.2220686637635197,-0.21833927704305517,0.04790970820857776,-0.22103747820608416,-0.11046322458305624,-0.027351101215592477,-0.04802551008868139,-0.03914715831493942,0.021315125644089328,0.057023028567048106,0.023333049859496247,0.0724806034924601,-0.08605272777777695,-0.1574946777350439,0.05761139739868637,-0.03051489651629591,-0.11390724144547981,-0.013767706447336825,-0.047781040569998545,-0.07030696097258315,-0.1283038276460171,-0.11769895766957983,-0.24705795462966462,-0.10791931203103594,-0.09863192400052734,-0.05262578331326839,0.0019421201384726139,0.007404304094238201,-0.1115829609686464,-0.12613993353587993
house,0.07201007274941884,-0.14036585233202764,0.010490950853600411,-0.033203771730166864,-0.10532121377505343,0.05538055646447615,0.1793592818116646,0.11104131240769344,0.12537736630253948,0.05325416416962103,0.08978975895741381,0.11846624151015628,0.11363880135951132,0.0,0.14518428678891482,0.12173896790774674,0.09376003322178672,-0.05770208626252937,0.048658230955947235,0.1981512090804961,-0.004295899516029156,0.03713132517856044,0.027882423645590793,0.07858311626267045,0.01470143961830106,-0.003759039655311658,0.021675816163954087,0.07978103304153006,0.12977620822833558,-0.08013994607497332,-0.16481536154987542,-0.1291051101989178,0.07797081677179796,0.15065998650162693,-0.0236317557583825,-0.010177977193191245,-0.009440101059038475,0.01896874984177843,0.07215440620899949,0.039089569478302444,-0.0007354233034926327,0.016092702318243446,0.006582236697721733,-0.0709275553248696,0.11150514041773774,0.023562370051825376,-0.032664892284312574,0.05531016100650621,-0.06334137507568205,-0.01858386458532424,-0.0574119729427191,-0.002897737634162456,-0.1604360541933053,0.08918444124773817,-0.0256558020592475,0.0027733909114766586,0.0138269703107472,0.06928605233750984,-0.018238941633537342,-0.08214919921013286
church,0.09400054837294292,-0.15333519244101657,-0.0004943380206365866,-0.016202090943097214,-0.15397273748608498,0.06772247581510427,0.1658385110144388,0.08299017698099986,0.09761762808447905,0.07144481369271971,0.08644187000953152,0.15499791031317922,0.1467770096469837,0.14518428678891482,0.0,0.12619603628261988,0.10476186294883127,-0.06335778279856252,0.05669046490439411,0.16533468396754603,0.03252176353621772,0.046463776217084196,0.07785822134244946,0.06717533219806837,0.021249767436052336,0.060483844455489044,0.008479739653599938,0.11579664326223038,0.08963814616633936,-0.023557382229647206,-0.1333223738537545,-0.012182934865811512,0.061900024518792396,0.05475577023891576,-0.03210238409644672,0.012638874587645121,0.022683255413524228,0.007081370911133478,0.07644463442418559,0.06340214842719383,-0.047550082234586344,0.03080183896162514,0.22803879295492657,-0.06656731166733143,-0.011046649459892977,0.04458221568418086,-0.046617335737488386,0.04911628752222419,-0.07457870354500229,-0.019177716851535687,-0.00494378182788896,-0.005607649862039932,-0.1236381256247776,0.15229153378315352,-0.0034728342367835174,0.013038120820781818,0.026632476159542784,-0.04301870097955518,-0.06482781130254744,-0.0919094319667515
door,0.1205011533042567,-0.1261180009070202,-0.060857355492621834,-0.01953402329018261,-0.12286776248635517,0.046761966808759325,0.142756358183751,-0.13838860090234129,0.09429484016008882,0.04789970848662273,0.10947543829787054,0.16025616071307403,0.08448249834618182,0.12173896790774674,0.12619603628261988,0.0,0.1439907532476603,-0.038532499204857795,-0.08483084974873689,0.25002395926453147,-0.008663276699787725,-0.0009549522478908834,0.033304713467566915,0.07401008718561786,0.028103250761281617,-0.08958744898205584,-0.04220087600567424,0.056681337293317924,-0.07920216789789536,-0.1524594871335463,-0.14296008573660612,-0.10032079593121601,0.09383056318052352,-0.15476290628782663,-0.04655919068577685,-0.10954311894634994,-0.051468416785474536,-0.05883288980632395,0.04324797441712147,0.08439783012904278,-0.008902096696353778,0.017664066219336028,-0.10310964644901621,-0.16907637007309584,0.08644011527581241,-0.05702116329402851,-0.08154136385938726,-0.03158446367092094,-0.07597722133609075,-0.0641895956166787,-0.011461521169106148,0.014788651548552356,-0.09259927867202539,-0.002909727099179915,0.008556078282041302,-0.031712544380983254,0.12829033187647065,0.05977225407581799,-0.11106564976390443,-0.12042833951795362
closet,0.09460477111333132,-0.12046775106999286,0.00010131706911653549,0.07665180591215137,-0.17151925987591554,0.09085553465117868,0.1492900997762645,0.02113407846817017,0.057832297266940946,-0.014891654386684161,0.014912897686625293,0.015210535903323441,0.031000712009027542,0.09376003322178672,0.10476186294883127,0.1439907532476603,0.0,-0.14424805273977992,-0.04810867368596228,0.15960910722769062,-0.09176315532951396,-0.1274525883731551,-0.05957531302892349,-0.007349680780170731,-0.07081722715915661,0.2284802949686916,0.160780156150926,0.1364512258858136,0.2312546697200123,0.1131760141572874,-0.22931705507707473,-0.15079305467301346,0.04181372451681731,-0.19111386870382158,-0.03274632740434136,-0.04033729320790291,0.022964238329033493,0.08318902243601789,0.10269771693478935,0.1713450994740312,0.13309126759124912,0.16506732453942097,-0.03524063032827185,-0.2531804096260448,0.1442199304255315,-0.016203231694671194,-0.020008756370866965,0.006345369845734972,0.03151937901525648,0.060034212694440425,-0.08177417314464186,-0.09165181214144924,-0.13537956263697054,-0.06582133577270871,-0.09790066740379577,0.0649100842566307,0.28119380385407433,0.1369020363687543,0.020587678612382643,-0.03089875399396258
chimney,-0.057610426819835525,-0.15522167553994703,-0.11164813746592483,-0.06300430037503335,-0.19339722363391548,-0.057064784135134494,-0.02289911688665025,-0.09116960057222079,-0.13753610039639552,-0.011902149294070408,-0.0903964876946366,-0.1372682244555783,-0.17982911924030676,-0.05770208626252937,-0.06335778279856252,-0.038532499204857795,-0.14424805273977992,0.0,-0.10500909822855664,-0.05999746278803242,-0.06238980007779904,-0.08460929556852048,-0.07745943742207284,-0.04399570225158311,-0.02826117110665327,-0.05639754916407702,-0.10863001404247996,-0.018090184337954174,-0.07231640845066722,-0.12122300750891135,-0.23571530756490278,-0.18106970575979664,0.02596109205306618,-0.16030176510872385,-0.12157909668571687,-0.0995688062351423,-0.07914728540425409,-0.10721854964182198,-0.043313764506919594,0.019253729693393784,0.007667483058899305,0.023876779359065403,-0.10206372739101344,-0.2022727643552965,0.05190986716205559,-0.10368679207146647,-0.19134550351504942,-0.09300534617171019,-0.04000554938196044,-0.06256786058115882,-0.14317212240145094,-0.1501874543945062,-0.2007813251989548,-0.11624621432861504,-0.1244066905339608,-0.04832936853874148,-0.050171822604228145,0.021215543561861172,-0.10226159683193792,-0.12903111005574752
window,0.28574709320330605,-0.10605717778191626,0.09558496790328719,0.14065224920082597,-0.08419461158712,0.0989700702610532,0.1097135114264921,0.0060442158529533385,0.11591013315790166,0.1429550044556025,0.0005774222991570266,0.0634572971615105,0.017491954910319296,0.048658230955947235,0.05669046490439411,-0.08483084974873689,-0.04810867368596228,-0.10500909822855664,0.0,0.05598341299499765,-0.027768361165642297,0.0060811298559475535,0.026116242007942048,0.06521526942274791,0.011441391181552185,0.03679250103031151,-0.04237056997026378,0.06361100654064678,-0.08781146307390675,-0.1104400604228869,-0.14829544140805961,-0.17451804001373683,0.240656468156489,-0.12797390979379653,0.006040894021122845,0.04505646988556833,-0.058800032428965254,-0.08893562528274057,0.042700306270445965,0.20915715342626529,0.04907087248741093,0.12910644612955757,0.15591165886466618,-0.14376954673730713,0.28580208562714626,-0.024014185309062297,-0.06757135816507975,0.009931755620711025,0.019926829314884986,0.08059745966550258,-0.06279541032622205,-0.025796242855524176,-0.11703770101718991,-0.019708252074836508,-0.042795916273420165,-0.017445005178351014,-0.04954728740505154,0.09545568032178386,-0.043129261390017715,-0.09212662676678551
arch,0.14794140143830004,-0.08209903617573777,0.0271346641489707,0.07928711922957454,-0.10890750497459128,0.0011814009053552343,0.19327232405222294,0.015901443775464763,0.08289722472560934,0.06084804730574245,0.21484419521980824,0.14016770461333994,0.13109652048141152,0.1981512090804961,0.16533468396754603,0.25002395926453147,0.15960910722769062,-0.05999746278803242,0.05598341299499765,0.0,0.03765786249293601,0.0674320753911265,0.06896447723774235,0.11027744361281122,0.09274412211895366,-0.03300373208060026,0.007694259011209237,0.16978147216211803,0.004972045041188755,-0.023403219563877364,-0.16446685124399607,-0.14505499296302693,0.13790163011218393,-0.1393189049480591,0.0064801733713112375,0.01831171940107279,0.04512248223471338,-0.0070714807578584615,0.06800086576157949,0.07200991309974014,0.10297321447395613,0.07150221650722877,-0.030282425599164386,-0.011432003609288977,0.29311357440245533,0.023870908227178966,-0.059302255064105136,0.028465588104992223,0.048023154690092884,0.042302684848477545,-0.035169242843140824,-0.043924493962216205,-0.08030869179910205,-0.023762444341078437,-0.015551681386850813,0.044432687449477704,0.16567705891076134,0.12240844998676004,0.046809577810855485,-0.034607986823659065
shirt,-0.06142915143744643,-0.15457062378833764,-0.09452981950407491,-0.07450643130950929,-0.14584426262678463,0.02959973665741411,0.07168003053980332,-0.16596133744853547,-0.0892250217673417,-0.018465060828620983,-0.018788495832265606,-0.00486131568933279,-0.033814509802874926,-0.004295899516029156,0.03252176353621772,-0.008663276699787725,-0.09176315532951396,-0.06238980007779904,-0.027768361165642297,0.03765786249293601,0.0,0.028686387190587914,0.09334984135763391,0.056471081854920446,0.02030562312317319,-0.11633477303003037,-0.08610215533483723,0.0008895205469588996,-0.1010894926648328,-0.12981139293277622,-0.18422650925276168,-0.18000175806247626,0.11819042904110288,-0.1478677091480302,-0.08167045300250575,-0.13302658111684496,-0.12557980930436996,-0.0451733537229827,-0.03477610341189763,-0.056691714112798275,0.007127687779459935,-0.011068295482861146,-0.13399536298188264,0.03974083524248484,0.11625389560761301,-0.09047820542856899,-0.09583621612101845,-0.07858528021092426,-0.07066947441496285,-0.03866189902502104,-0.14810769105081145,-0.11770057235258835,-0.18278141576892926,-0.1123341989720768,-0.1466852210048003,-0.09906920180559264,-0.0493507325078939,0.09049927706627559,-0.06487353608308799,-0.06806122420056371
pants,-0.045161233393765876,-0.13933471448394852,-0.11294500114243589,-0.0545454492780143,-0.14456206950727624,0.02380254872664589,0.1071897411218593,-0.12042257270529422,-0.09662495206010935,-0.024666747254844856,0.003202833645012726,-0.03578999357130919,-0.02148276100965174,0.03713132517856044,0.046463776217084196,-0.0009549522478908834,-0.1274525883731551,-0.08460929556852048,0.0060811298559475535,0.0674320753911265,0.028686387190587914,0.0,0.05611246949037907,0.0713838942078272,-0.00012926340999763752,-0.09852891058431645,-0.09761073457446423,-0.000995439087548733,-0.07168482777627361,-0.11358341760086677,-0.21207835528072344,-0.12780611712840628,0.09746406796648599,-0.15916890041780823,-0.11259597021196399,-0.11611127428973511,-0.0798243002625747,-0.015092792891016282,-0.02290397740452843,0.023127791150775234,0.029294616469420887,0.052223911771551834,-0.1349090879223841,0.0517248614678133,0.2913311578494011,-0.08639744989355569,-0.10241523186767598,-0.08801680566889647,-0.04047839324479896,-0.021840075593832275,-0.11391306574339766,-0.10488866742488356,-0.16675205153729145,-0.0696590199477462,-0.1311991306638024,-0.09437858872773564,-0.01689536217520682,0.0643594265380878,-0.06511411927162458,-0.0907850065419018
skirt,-0.018120554800720834,-0.024075640488021244,-0.02696961646985796,0.009559995855131675,0.007257438268624905,0.23639715168213116,0.26993523052663426,-0.08924124673614264,-0.04004333686878758,0.012160241682812156,0.029799132159391117,0.0025388321732413566,0.0026095526358510535,0.027882423645590793,0.07785822134244946,0.033304713467566915,-0.05957531302892349,-0.07745943742207284,0.026116242007942048,0.06896447723774235,0.09334984135763391,0.05611246949037907,0.0,0.08601131904767989,-0.008166546789309725,-0.04966782060407038,-0.0016959930456812433,0.06173707084874336,-0.023099973547605845,-0.06192164353822582,-0.03877348596411956,-0.09225806677900561,0.13338820469228907,-0.046859175079256965,-0.03979971955683559,-0.06717919892989899,-0.051803254368661955,0.023241472813785857,-0.006899274846903225,0.22867115016687134,0.05321653861200715,0.08450213197918977,-0.09487570491021691,0.06152978018418187,0.12965056288982046,-0.0688013016418868,-0.10683720009605424,0.001958701956141118,-0.0045326615803668036,-0.0052150666791028755,0.006280547183236673,0.04259279137076866,0.051161910575042824,0.18012509194624793,0.005088460380161974,-0.027481295821129015,0.012479366065380582,0.09093033445991683,-0.007006685458336159,-0.07103765401217799
coat,-0.039333541278811834,-0.14308153222952558,-0.07767738026458004,-0.04524659818776766,-0.13446864764674932,0.16003141504356777,0.1402729258446327,-0.11004620737817605,-0.012924688730889367,0.06780451337391658,0.06894296950371537,0.07351344030622153,0.033056913842046676,0.07858311626267045,0.06717533219806837,0.07401008718561786,-0.007349680780170731,-0.04399570225158311,0.06521526942274791,0.11027744361281122,0.056471081854920446,0.0713838942078272,0.08601131904767989,0.0,0.05943761005773296,-0.04851857793116199,-0.044197228748979245,0.09741249030691512,-0.007688510113255997,-0.04037372501058678,-0.15487352350344152,-0.14682653631912146,0.1957275655154258,-0.12932940539673066,-0.07144827062051995,-0.09080959037184455,-0.04615471328312515,-0.015136286302496194,-0.03464557620165165,0.05014806364366897,0.1010837152386449,0.09335272010798146,-0.04210278345089424,-0.024247224304660864,0.18512716209988733,-0.04128388086782708,-0.09430262420737245,-0.02023725826208178,0.03369943033188849,0.002446180352562388,-0.13526320458613583,-0.10131514246801454,-0.14690744457250016,-0.02566293750560511,-0.11978164314026918,-0.006100470470988939,0.03291440913133137,0.15991208383216216,0.013829123482142935,-0.01669900616198139
dress,-0.037826484122610804,-0.08657797398028544,-0.07379770547694686,-0.03181480663972214,-0.11350519613496968,0.12955013664024673,0.1442788120558065,-0.12878397489192428,-0.032346408387666004,0.011236775492243445,-0.006261097193012488,0.03126079662928305,-0.008812339426063964,0.01470143961830106,0.021249767436052336,0.028103250761281617,-0.07081722715915661,-0.02826117110665327,0.011441391181552185,0.09274412211895366,0.02030562312317319,-0.00012926340999763752,-0.008166546789309725,0.05943761005773296,0.0,-0.08435499644818634,-0.06879543429804968,0.03846374146957676,-0.06906251559722443,-0.10033820004693195,-0.18068393396825722,-0.18104457259522233,0.13478378523325774,-0.1684164867684842,-0.04967753287094234,-0.07506715909968864,-0.07379438299855612,-0.042455904745703044,0.008961960491514653,0.019808764167227322,0.02834933676158713,0.04380876499295172,-0.1527534397012481,0.0855771803295543,0.13881199283340406,-0.04246057637891787,0.02855069507180985,-0.013029597557866812,0.06460924999434936,-0.0017837931709130395,-0.09928730197396446,-0.0724331900682465,0.12517751802377453,-0.08274909366435701,-0.1092251439650635,-0.04064588748559528,-0.00422074444661491,0.21532994581849485,-0.011222288610019504,-0.048724169104394255
chair,-0.016692404697532193,0.05596581800767175,0.20037609054827166,0.23940175990296697,0.07302755506359204,0.1965612927894217,0.19263971775268163,0.0022498159615710334,0.20040310223936852,-0.012374206897224238,-0.0709341992377065,-0.051898306438254216,-0.0664994169388462,-0.003759039655311658,0.060483844455489044,-0.08958744898205584,0.2284802949686916,-0.05639754916407702,0.03679250103031151,-0.03300373208060026,-0.11633477303003037,-0.09852891058431645,-0.04966782060407038,-0.04851857793116199,-0.08435499644818634,0.0,0.17935668151139528,0.10026678187277338,0.12238841890584173,0.0824783503825176,-0.0161867262989861,-0.009990945275078156,0.12341174211219752,-0.001647853430074897,0.03937293335070324,0.18156345052653045,-0.004925349065681428,0.03128994940828378,0.027735525269530492,0.054035519303261004,0.06541007662845921,0.1460145082229306,0.12338639908246629,-0.1649828066139365,0.16395363706794064,-0.012723107981042703,-0.012017437842737011,0.05435738683506519,0.17526995720295524,0.06722639290338961,0.09137522244298979,0.13265516067627886,0.0034913407210693803,0.08878409922638608,0.0845081319607427,-0.018633085431644214,0.005408499079661455,0.1362266099443703,0.02343860030394007,-0.02950935081738726
dresser,0.03485712817722042,0.13764906102015695,0.06453860429335434,0.1416022023218182,0.10285913613766251,0.07637066198617692,0.07325180386606445,0.005762398842905303,0.07997711963050258,0.018511375608883496,-0.04403326971588306,-0.07214016016531477,-0.06124680561675666,0.021675816163954087,0.008479739653599938,-0.04220087600567424,0.160780156150926,-0.10863001404247996,-0.04237056997026378,0.007694259011209237,-0.08610215533483723,-0.09761073457446423,-0.0016959930456812433,-0.044197228748979245,-0.06879543429804968,0.17935668151139528,0.0,0.1643428791809366,0.30106573009351867,0.18829510583424292,-0.006818888987826122,0.051825930680071464,0.09215745559484279,0.01905362124821708,0.028357828442467703,-0.020625201854343578,0.04122662967887025,0.050932871764686305,0.06716329695094947,0.15449581149671732,0.09970228905318468,0.14440621096730077,0.017344112547351576,-0.22733134531307198,0.09361515858502967,-0.022912886624959383,-0.06820404277556902,0.06671383443502421,0.0528212066952628,0.039925103486562086,0.12039489515588941,0.16224297562474688,0.06088103836960579,0.14906365498644925,0.12387854385515351,0.04203260557663513,0.09720420134762597,0.17029645534726,0.047442270104369966,0.0005449887824481303
bed,0.09502943084570803,-0.09661093045685609,-0.03215586467304621,0.003330189611122747,-0.07156734976837098,0.035961563247104755,0.10579975521257556,-0.0424959698948395,0.24599877926815483,0.11239680695350274,-0.014030009277318234,0.06563884460807301,-0.010388224274996305,0.07978103304153006,0.11579664326223038,0.056681337293317924,0.1364512258858136,-0.018090184337954174,0.06361100654064678,0.16978147216211803,0.0008895205469588996,-0.000995439087548733,0.06173707084874336,0.09741249030691512,0.03846374146957676,0.10026678187277338,0.1643428791809366,0.0,0.1245803543540136,0.09174397770532416,-0.1375912986324827,-0.1254469073781766,0.13796307924581175,-0.12839604661396536,-0.004460257346536212,-0.0235938936001574,-0.014034678892185792,0.08352159867144726,0.06370763923107359,0.12514478518705074,0.08468702226254288,0.1573688071378896,-0.05735571563384978,-0.13506304847624728,0.2384677248389515,0.000506082353361359,-0.039247017504367876,0.041762328282818784,-0.005135121653315977,0.06276094364588569,-0.06912434648785348,-0.040066607627432416,-0.12433655429453067,-0.02062418718242509,-0.09006626466961465,0.03929992878666477,0.017989033135145438,0.14818680783261562,-0.017683962644396978,-0.05755987130536411
table,0.0056885795361988345,-0.14347418544234158,0.010320632450121159,0.050425124269924626,-0.14113326156027617,-0.0038691414990588147,0.04917960948906719,-0.09347631557368064,0.015170572170406627,-0.013843266299840895,-0.055883838325506474,-0.023412829576578975,-0.05580730997949179,0.12977620822833558,0.08963814616633936,-0.07920216789789536,0.2312546697200123,-0.07231640845066722,-0.08781146307390675,0.004972045041188755,-0.1010894926648328,-0.07168482777627361,-0.023099973547605845,-0.007688510113255997,-0.06906251559722443,0.12238841890584173,0.30106573009351867,0.1245803543540136,0.0,0.20518156303533197,-0.22036314743873836,-0.1550744599035458,0.0337044914647211,0.21460023438442644,0.018908015472012707,-0.023624513398796232,0.007539947034596262,0.033081638259576884,0.0422299656863937,0.03165764162358853,0.06384215433646023,0.036834587051547185,-0.0608745267785854,-0.1715783286145941,0.12770003545604836,0.022107518152158723,-0.019774764153629776,0.04758706048811523,-0.019524838969874336,0.025291149155590165,-0.14276370889702972,-0.10829244625419499,0.11828529927664788,-0.10851087060170189,-0.1262127615681783,0.05522633083726591,0.04985238080899046,0.11818553173956359,0.023112325918805743,0.005936413896660775
desk,0.006537345991162069,-0.15102964788235484,-0.04161860387338523,0.023469162405006738,-0.1480894792151392,0.011734487139428151,-0.016390617979894495,-0.09875412256093485,-0.014622111779756697,-0.05137994831450521,-0.11963974623027018,-0.07984799256857866,-0.0679680600391177,-0.08013994607497332,-0.023557382229647206,-0.1524594871335463,0.1131760141572874,-0.12122300750891135,-0.1104400604228869,-0.023403219563877364,-0.12981139293277622,-0.11358341760086677,-0.06192164353822582,-0.04037372501058678,-0.10033820004693195,0.0824783503825176,0.18829510583424292,0.09174397770532416,0.20518156303533197,0.0,-0.25437176338964185,-0.1592843366622081,-0.005342504091014777,-0.20866857660522986,-0.023541700040826896,-0.06635703773585389,-0.010849969920458169,0.0065020861219893256,0.03116371551259267,0.07640225548848989,-0.008593559782219762,0.04187004884558332,-0.09533913820113549,-0.24299833502134505,0.07485692531211807,-0.03267852308239727,-0.03771150376672339,-0.020302893743497585,-0.0023249867070341823,0.028556318763540922,-0.11637878730012308,-0.08221722513235785,-0.15357632912361746,-0.08254300950329696,-0.11610191546704518,0.005022318970810069,0.012177601124626736,0.06421622526959858,-0.030887543829161257,-0.05847569724312185
ant,-0.0800647741712901,-0.0146007876279034,-0.13047322286468344,0.03734529032221734,-0.03167457993770306,-0.19928271741074932,-0.17148239526594078,-0.04908129348393864,-0.1156946873597805,-0.20489639396111858,-0.16669249727040292,-0.2719939518207824,-0.2220686637635197,-0.16481536154987542,-0.1333223738537545,-0.14296008573660612,-0.22931705507707473,-0.23571530756490278,-0.14829544140805961,-0.16446685124399607,-0.18422650925276168,-0.21207835528072344,-0.03877348596411956,-0.15487352350344152,-0.18068393396825722,-0.0161867262989861,-0.006818888987826122,-0.1375912986324827,-0.22036314743873836,-0.25437176338964185,0.0,0.21974288122206664,0.18991388975807744,0.1915703871814729,0.10988301776685794,-0.2516130315579541,-0.18543139755591004,-0.15182788297282335,-0.19506333155947453,-0.14869181391622532,-0.13918618135990218,0.007474790864769876,-0.09165784877940375,-0.21580548083221873,0.01592971654432962,-0.2329087106922333,-0.2506410241981941,-0.040429625041850104,-0.19281213478261694,-0.20418408134751992,-0.01190058966645069,0.017857734739923803,-0.07121070254230633,-0.03777033392388174,0.028111861305877506,-0.16722128101390726,-0.15355124832618722,-0.13070307543233328,-0.21385151574212535,-0.22952649417806714
butterfly,-0.08445210853813945,-0.04177519061571111,-0.008497738149919387,0.10229192075273941,0.11116044456744562,0.1260552874217995,-0.094401581113292,-0.055379839779925,0.1276228592061075,-0.15750730376143796,-0.14301626494000708,-0.18094926946417428,-0.21833927704305517,-0.1291051101989178,-0.012182934865811512,-0.10032079593121601,-0.15079305467301346,-0.18106970575979664,-0.17451804001373683,-0.14505499296302693,-0.18000175806247626,-0.12780611712840628,-0.09225806677900561,-0.14682653631912146,-0.18104457259522233,-0.009990945275078156,0.051825930680071464,-0.1254469073781766,-0.1550744599035458,-0.1592843366622081,0.21974288122206664,0.0,0.20687808092032645,0.16217732417650876,0.22867846410831827,-0.15211178236429523,-0.1965151784881644,-0.2046593378213234,-0.16514873340592784,-0.17110771255664836,0.12180199827178867,-0.05378907746681216,-0.07334318064173029,-0.16979630155958736,0.0009263295707352404,-0.1860472039313822,-0.19714576024873942,0.06903617916679683,-0.08287700275506543,0.008076710880064786,-0.0020114806894984127,0.04711904633491626,-0.07150124439171068,-0.025523607494482015,0.02862819222430224,-0.21214996719394968,-0.16224764225185057,0.08067173913037268,-0.12312641305870864,-0.24003612755547177
