term,airplane,ant,apartment,arch,arm,barn,bear,bed,bee,beetle,bell,bicycle,bottle,butterfly,car,carrot,cat,celery,chair,chimney,chisel,church,closet,coat,corn,cow,cup,desk,dog,door,dress,dresser,eye,fly,foot,glass,hammer,hand,horse,house,igloo,key,knife,leg,lettuce,pants,pliers,refrigerator,saw,screwdriver,shirt,skirt,spoon,table,telephone,tomato,train,truck,watch,window
airplane,1,0.6759267893186731,0.5885469458452528,0.6680832159742572,0.47895091612634877,0.7075806605375919,0.6647681215316875,0.6566819297334117,0.5079730501883216,0.7646534727909097,0.602261605,0.7410374610564897,0.38816401741621503,0.7240217317217339,0.7559458778240029,0.7038364173722779,0.6588240468817729,0.5475736591922685,0.6151045093031511,0.663299251,0.4019369228221036,0.4956473187242964,0.6699366469079215,0.7579065449563539,0.6483777509831214,0.5193249385242578,0.5841622516970376,0.4930819513981423,0.5024735139472879,0.46810508817687707,0.5038700180220685,0.6665722205636981,0.8141409154230526,0.686241528,0.5788919450807047,0.35361059257002997,0.4593323200961508,0.8093613148532212,0.7462739818899238,0.5806931978930946,0.696275565,0.6402930938968802,0.031960233,0.23416322080280766,0.6903923946540741,0.5647996538886592,0.538156023,0.45039872197834563,0.36523119857909764,0.3985386679856158,0.5827995266883103,0.7293409008269216,0.31548981370644374,0.7549040770798454,0.7062655476817725,0.6519384729981391,0.7753318583051942,0.7017613432613996,0.6839910236534054,0.5101214575397038
ant,0.6759267893186731,1,0.4893251135597233,0.6004758529584288,0.6797383499991235,0.6235183406748439,0.8120883627078898,0.7825786580718311,0.7239515908226314,0.8517290309873626,0.6235394386504512,0.7204462078524118,0.5709465342470895,0.6660614542259469,0.7956984373876465,0.6741354570286305,0.456831718,0.6628925569202885,0.4261780876035927,0.7155828814019619,0.5483922970227487,0.600272685,0.6417251289240626,0.738559,0.6687924480785922,0.7386459192826068,0.710072511,0.7373046264304185,0.6750090955998911,0.5370295074254055,0.6451076943004871,0.676046324,0.7618578721177187,0.7751414463988489,0.5764676022945082,0.49766401966084156,0.6658792915632208,0.6734396664915878,0.6067888823103218,0.5721003389670691,0.7478525447144071,0.5870127537680435,0.20417714256920994,0.3118158765678409,0.6946905746464759,0.6420442260793557,0.6156920163538154,0.6825450844141133,0.6246337488785908,0.5164523325049185,0.6444078238762057,0.7190629130986341,0.6416743269119941,0.6870674354668909,0.788321861,0.6643179671912893,0.6145211712699403,0.5328081061550537,0.7444397499572971,0.50884631
apartment,0.5885469458452528,0.4893251135597233,1,0.8773411288995269,0.40505551554996055,0.77326869,0.6884160935810911,0.7197000270938706,0.34986639252468316,0.6334345172693963,0.6291074690307117,0.7876867260220239,0.42942460708017044,0.6648555186239729,0.5374533989457216,0.537533077,0.5390426035805574,0.4286195004168231,0.5325400651425048,0.6457064749183288,0.46059821811954665,0.8250506496951568,0.7363159666353621,0.718785489,0.505956747,0.7205503766946592,0.6484201157412139,0.4218929002557327,0.6336316671713778,0.7758870637356823,0.542694705,0.7451675570715884,0.48392237945857625,0.40316869748504025,0.3494371061034897,0.3194454663480113,0.4909924491587555,0.6879732694369295,0.7205547949256139,0.8319510433108841,0.557349847,0.5224477985035819,0.14461611779257538,0.45967334633632734,0.8692114956656787,0.6531410955763448,0.5915994056430554,0.640960078,0.4046730145285794,0.19488027055030674,0.6439804390268825,0.7046625031332114,0.19817286362064862,0.771208142,0.7675203226623362,0.7996609976449681,0.7890272297028799,0.6670728298262342,0.6826876095944181,0.8155080916564698
arch,0.6680832159742572,0.6004758529584288,0.8773411288995269,1,0.516154167,0.7786663404615126,0.7243479055412572,0.8288182105759904,0.5422842587776573,0.7349702963682895,0.6353752996018969,0.7713802639060346,0.5070751798210329,0.7416864999214924,0.6771574786468595,0.5728586773747577,0.4988588631366703,0.5800453248412973,0.5383169309377165,0.7306636885965163,0.48572311698300136,0.8017119364434174,0.7798608043300667,0.7626377852196802,0.6074353321341487,0.6829194064577055,0.6939011148686359,0.5995149703604966,0.630066927,0.6737874680342681,0.5266456446770595,0.8133397664717772,0.580626355,0.47191883808050017,0.4676821439914971,0.42626057867303535,0.559377522,0.7133471684847363,0.7158619611352048,0.7762495198391579,0.6440068749072357,0.5335088299860744,0.13684260728025596,0.32299603036727587,0.8540151524398476,0.6039944120154394,0.571755023,0.6720302989207946,0.4824308385456094,0.3221889027740418,0.6735975779898952,0.6957519417760428,0.36765510086009406,0.8388423426896969,0.8168612644615751,0.7583152164134299,0.7814314458863478,0.6533431027859505,0.6677574231240552,0.740263508
arm,0.47895091612634877,0.6797383499991235,0.40505551554996055,0.516154167,1,0.4867501791281575,0.6847263961843156,0.6928188440756478,0.6620190442684455,0.6926585674648136,0.6638201586000463,0.5716094377286702,0.7056363537513355,0.5535404078161698,0.5305185056953536,0.6630077260624856,0.2698090391030713,0.7669117634022503,0.49050853433790703,0.6831556896836452,0.45476393817904576,0.5748741452667211,0.6230535281366893,0.665388495,0.5638529396548347,0.48217084,0.6187711215987859,0.7167961215140625,0.5965281392135315,0.4758718645646086,0.6568027861197433,0.5024106875024851,0.47487659430908324,0.6146712752434687,0.6980420369788843,0.5758298212741794,0.7349334336144305,0.47619191850398945,0.45555564647726127,0.36070601412709635,0.5194607990365334,0.3382887233993354,0.3932012816728756,0.25228210462520856,0.5547416957495412,0.5374188474981223,0.5324368622238803,0.7148248098231926,0.669414993,0.6830103983432015,0.6320573426980243,0.638558589,0.6696988606699859,0.5331054306787472,0.6740654531324153,0.4783642459633993,0.3344815475972481,0.25221928140108674,0.553320692,0.5244702848504774
barn,0.7075806605375919,0.6235183406748439,0.77326869,0.7786663404615126,0.4867501791281575,1,0.6492253398380751,0.7523107825795808,0.558068183,0.6911819682789646,0.6959913198415487,0.8184297693312336,0.605889058,0.7044724089511508,0.6943177030671096,0.5877602261631573,0.5781427607465933,0.6025886644488754,0.6783583288282565,0.7983407336868101,0.5394577399660644,0.7649672697822381,0.8559056127658773,0.7876128509014112,0.7201847648565008,0.5677961894447769,0.7379755095156364,0.6006436727203308,0.47220546594170476,0.7224765870723638,0.6327224256636516,0.8272836515358768,0.732617218,0.6426899646894089,0.4608177820463752,0.5683669907343043,0.494976093,0.7972110528008135,0.7541684745032221,0.7243099650957492,0.7653653875280243,0.6439867171465602,0.058647219,0.48011237604035667,0.7939557259344519,0.6897641721899029,0.46845095414110943,0.6820986176056651,0.4758158790389021,0.31553732052811806,0.7606160581327109,0.7145601350073727,0.3452260840962793,0.7867868656688644,0.7901962659942154,0.762870289,0.7820875773773015,0.6864483153881272,0.7723901228633389,0.7764165423724975
bear,0.6647681215316875,0.8120883627078898,0.6884160935810911,0.7243479055412572,0.6847263961843156,0.6492253398380751,1,0.8064345739460718,0.6701678870433544,0.8307010014501178,0.6941984922726093,0.7918240991682161,0.5993147343157689,0.7258948145756607,0.676364559,0.6497418483744436,0.49466699862806274,0.6623214430664416,0.4787325571562966,0.6893740891802447,0.616985643,0.729926517,0.6808819509145332,0.7706077509154067,0.6203499666049389,0.8023244251164413,0.7232507996492681,0.6977707342852115,0.7502793748352357,0.6525367848398138,0.6650960326507622,0.6605747793571333,0.6383169848305513,0.6749874833702135,0.5812612597600159,0.4467832122432699,0.7739287469637097,0.6961310655407769,0.7049553964109508,0.6260553963326374,0.6028425388755319,0.5467838230143448,0.19629196499956136,0.335685479,0.78785428,0.6172549176044402,0.6893403194662092,0.7121585246041151,0.577898567,0.5118488494950468,0.6868511329946304,0.7776320594745207,0.5474523344234299,0.7231656747919173,0.8400552686297749,0.7137237001646181,0.6396904019182538,0.5245855911549502,0.7445816831552915,0.6247905621280054
bed,0.6566819297334117,0.7825786580718311,0.7197000270938706,0.8288182105759904,0.6928188440756478,0.7523107825795808,0.8064345739460718,1,0.6607350066567256,0.8145024576155218,0.6951021941967294,0.8074731459297497,0.6021174559070412,0.6953412146104659,0.7887039506792922,0.6688186926023991,0.45215804835496354,0.6594107843469111,0.5403183974731633,0.7976519806167375,0.55402714,0.7766038901477663,0.8099299915151452,0.7754242141542224,0.7155817572706529,0.709062768,0.782967419,0.747633968,0.6260505321121593,0.6107853571389987,0.6286590438512069,0.7692005524209183,0.6658575364443906,0.6556276609637399,0.5324806291255415,0.5363251136169793,0.6732878320674712,0.6780289251614049,0.6570058811069482,0.7507220644262411,0.7329448244813122,0.5786241674588511,0.24053244291941203,0.32772299385784326,0.7836702745192149,0.6582665022018691,0.5922570642183878,0.7974109547233604,0.6697270343469874,0.4593980699677423,0.6851470453028314,0.706755118,0.6419405259952993,0.7827350732599098,0.8459059507176029,0.7254222226533887,0.7251024830144104,0.5805879762111961,0.7128624884904122,0.7118670560297232
bee,0.5079730501883216,0.7239515908226314,0.34986639252468316,0.5422842587776573,0.6620190442684455,0.558068183,0.6701678870433544,0.6607350066567256,1,0.6957452673004682,0.5176400906840549,0.48557922406862264,0.5936995791433738,0.7016117422577284,0.5944340493407971,0.4035684281130694,0.3199246878743289,0.7638664587816362,0.49672466754112665,0.5648317923374843,0.5685857280274877,0.49055703662531464,0.5979250435572514,0.6525456111624471,0.7111979309115272,0.4532001629002827,0.5330969701426549,0.8707389737202972,0.5612287281777548,0.450029095,0.5384311174227686,0.5500036137000478,0.5976933812607427,0.6508388019241017,0.633023721,0.6204311312308398,0.547658329,0.5769358158541391,0.5134834765320467,0.2746167366255556,0.5804715777310158,0.4229482317863626,-0.037505275,0.15677481572585128,0.5784332904064214,0.46494901000106753,0.41360984084766395,0.6034446949821268,0.38014490911907084,0.5045923154664392,0.6425288033039621,0.579714597,0.5718793274890434,0.5302782986108647,0.7383137271072439,0.4152728760998549,0.34804084207776853,0.22759784112485507,0.6000501515905432,0.3785614320221004
beetle,0.7646534727909097,0.8517290309873626,0.6334345172693963,0.7349702963682895,0.6926585674648136,0.6911819682789646,0.8307010014501178,0.8145024576155218,0.6957452673004682,1,0.6726284785424399,0.7507825173600764,0.5271015684340424,0.714372209,0.7669038354115079,0.7662413226769688,0.5828751116666133,0.703413096,0.5572292502713224,0.7402318083377584,0.5042989424939409,0.6551013413093889,0.6867132036342207,0.8464890162575148,0.698733511,0.7408114620976195,0.7081708877969594,0.7130017911543223,0.741556376,0.5572902911632845,0.6111248120652624,0.7843453842299305,0.7896356038170287,0.7032221797375228,0.6398935804064709,0.4150542771170735,0.6012074915576291,0.7743320874118889,0.6932662181820834,0.5911677961470585,0.7394689565515039,0.6265917538597469,0.22576571326955813,0.3173352442836076,0.8097253581662326,0.701531634,0.7073401003564479,0.6689626863541993,0.5602321121509146,0.5458649564897173,0.622424566,0.7979346372152447,0.5599752012454108,0.7839728252685532,0.8770040146903831,0.7343515004865229,0.7146511255046639,0.5620966120360673,0.7613055055846806,0.5587291386424234
bell,0.602261605,0.6235394386504512,0.6291074690307117,0.6353752996018969,0.6638201586000463,0.6959913198415487,0.6941984922726093,0.6951021941967294,0.5176400906840549,0.6726284785424399,1,0.7733164382662226,0.7015471509739513,0.5959328973091023,0.5986940921302489,0.6458677777546543,0.5403360245676655,0.6040859819185842,0.672023347,0.7687645910791081,0.6188200813400658,0.6757246230036895,0.7767374946078708,0.7851592971969835,0.6778778804557397,0.5450983205025266,0.7691626163563358,0.5905527769920251,0.45118448512597775,0.6474601808875251,0.8026288369309063,0.6264031976584982,0.6186063436973644,0.7135688417688859,0.524066431,0.588042083,0.6378637123485484,0.6710809147902638,0.6324380979435495,0.6366552531150608,0.6770104000356276,0.6195300139541868,0.27611886400079355,0.5212765375214896,0.6915035643479148,0.7015318876586408,0.4997139797132459,0.7315981377413403,0.5848901618859809,0.4139193758979833,0.7458851636253855,0.7312235302100218,0.48260372875546276,0.6608811321516758,0.7001433246284984,0.730456654,0.6258749700363639,0.5955496045648094,0.7525704845074439,0.766089093
bicycle,0.7410374610564897,0.7204462078524118,0.7876867260220239,0.7713802639060346,0.5716094377286702,0.8184297693312336,0.7918240991682161,0.8074731459297497,0.48557922406862264,0.7507825173600764,0.7733164382662226,1,0.5764190776030882,0.6752892174450712,0.6861159314419921,0.7035161705052364,0.643768677,0.5777087302985492,0.6225877145254596,0.7899361831183231,0.6434465736388731,0.7493597346524414,0.8116219343684417,0.8059588957463704,0.7227721766481616,0.7168340624708459,0.8338865372113468,0.538567394,0.564597784,0.6911668172195826,0.7247336251376446,0.7690537303710333,0.7226283460365998,0.7563710583635037,0.4164956589393629,0.4599887623149716,0.6648176211703951,0.8170262021471575,0.8251702354053015,0.7716873585400686,0.7420905567926168,0.6668435206787755,0.2055908494163992,0.5382516480195465,0.8260216651727106,0.6906415406838041,0.5278506567854547,0.7716344662349857,0.6330124651510439,0.38919327955224853,0.7110244823592747,0.7972473533599798,0.403267708,0.7523469998625244,0.8202422026146763,0.8296310507956823,0.8134853014647118,0.7160124766844683,0.7974386636348639,0.813766876
bottle,0.38816401741621503,0.5709465342470895,0.42942460708017044,0.5070751798210329,0.7056363537513355,0.605889058,0.5993147343157689,0.6021174559070412,0.5936995791433738,0.5271015684340424,0.7015471509739513,0.5764190776030882,1,0.5077914245335172,0.502894665,0.48833398616285867,0.3269173645815867,0.664547211,0.6159547480267917,0.7139122363235181,0.6384046839836393,0.6469019821878562,0.7381870750078081,0.6550872872537576,0.6473493907402931,0.3724552400174228,0.6690368853072282,0.6612287918828683,0.36391206434658663,0.5998967068834553,0.7832519055322387,0.5274555861013128,0.47988058733788747,0.6343306448372878,0.5048981194849791,0.7753294614265052,0.6451979462521104,0.5244943803492241,0.4921851799226168,0.42559195061472016,0.5974843212619554,0.493148627,0.2559583326872613,0.4841349456458776,0.5451020969680296,0.61379787,0.36075799401012465,0.7312776334454336,0.572792254,0.49218496742118284,0.7365791968441292,0.6355091742414842,0.5514047522005976,0.5080249076195233,0.6000865196793415,0.5487882008497776,0.37281772426010445,0.35637792,0.6216413616066927,0.6266026963787582
butterfly,0.7240217317217339,0.6660614542259469,0.6648555186239729,0.7416864999214924,0.5535404078161698,0.7044724089511508,0.7258948145756607,0.6953412146104659,0.7016117422577284,0.714372209,0.5959328973091023,0.6752892174450712,0.5077914245335172,1,0.6530382329995564,0.4943516919694033,0.5014829921165177,0.6188647169708849,0.5750880067007953,0.6163067423154255,0.5640924724746028,0.5929259446800664,0.6946873359845691,0.7731530302288946,0.643463704,0.577556122,0.6031009566286998,0.6513038614179435,0.6279514233081408,0.5564081926861945,0.5539235541551851,0.6810931802662425,0.6312943411664019,0.6141347909740155,0.6100565931396892,0.5345648946735437,0.6091705120106318,0.7267122772133178,0.7457200724340239,0.5555508845347574,0.5859878165368217,0.5333505476432634,0.023639575,0.2445266874024107,0.749816588,0.577845226,0.559890181,0.5591935060517643,0.3487464005863741,0.375823048,0.7115519171307029,0.7499699971702156,0.38984014459719557,0.7051780168916912,0.7760989875929053,0.6339180194145883,0.6285751573406159,0.5561145410179815,0.6631592151840607,0.5820895817325878
car,0.7559458778240029,0.7956984373876465,0.5374533989457216,0.6771574786468595,0.5305185056953536,0.6943177030671096,0.676364559,0.7887039506792922,0.5944340493407971,0.7669038354115079,0.5986940921302489,0.6861159314419921,0.502894665,0.6530382329995564,1,0.6716202306616733,0.43890970323223555,0.5512628126682165,0.4695419197289197,0.7310792494614385,0.41413606375658485,0.6238999740305181,0.696341403,0.6983364088468806,0.683494717,0.5957181829848128,0.6569559675998602,0.6593564107803195,0.5134636730992552,0.500367377,0.5468825470804948,0.7172632998031255,0.7922337184858409,0.6566856983770376,0.5005427171796484,0.48228638229761106,0.5053727522900864,0.675604509,0.6075714932743245,0.6997139329166405,0.803234409,0.6124792700664514,0.12669548914620946,0.2644301644056447,0.6559295861880587,0.6297895894245491,0.5296100544822728,0.5756502031207357,0.5270981040126027,0.3903289004546276,0.6263872930695094,0.6193006047716558,0.5778632901660131,0.7479931067622879,0.7175453374145263,0.6600843782405417,0.7347421184168011,0.6786429636975922,0.7332480724075925,0.521748419
carrot,0.7038364173722779,0.6741354570286305,0.537533077,0.5728586773747577,0.6630077260624856,0.5877602261631573,0.6497418483744436,0.6688186926023991,0.4035684281130694,0.7662413226769688,0.6458677777546543,0.7035161705052364,0.48833398616285867,0.4943516919694033,0.6716202306616733,1,0.48011173762858195,0.6361895436797318,0.4973848986174413,0.7022751564848868,0.3054129422368554,0.5452430218080571,0.5926040313028392,0.697220916,0.546190563,0.6037993557954398,0.6682296762145666,0.5124322334657284,0.5938792723456422,0.4812739277207436,0.5662086018479642,0.6440780145794345,0.6893889491862384,0.6131766956561319,0.5268254292657449,0.28714489548664696,0.5469270807573772,0.6306349097190296,0.543543859,0.5710338199888034,0.6905292489653442,0.5579334360258292,0.46826736962910387,0.2822340140311586,0.6643188081351347,0.6225152658821689,0.6626911529687103,0.5822794638306578,0.6862856398798781,0.6003217378762783,0.5314615431671256,0.7024011255010961,0.5229736072468867,0.6933648070238392,0.6665246375382524,0.667979766,0.6451550469593581,0.5500105996996814,0.6789905376545115,0.5535619602901386
cat,0.6588240468817729,0.456831718,0.5390426035805574,0.4988588631366703,0.2698090391030713,0.5781427607465933,0.49466699862806274,0.45215804835496354,0.3199246878743289,0.5828751116666133,0.5403360245676655,0.643768677,0.3269173645815867,0.5014829921165177,0.43890970323223555,0.48011173762858195,1,0.32322379728528544,0.6306443980045824,0.5060413922481658,0.4912972004782738,0.39676054891719437,0.5348864572838978,0.6754600412289872,0.5804090581365553,0.4297604372101037,0.5330177838565631,0.25124556770634054,0.35932541563679216,0.4241393096283455,0.5377336818933097,0.5372573496734859,0.6531204496519677,0.6065619103921949,0.3010008779140406,0.23450711837181307,0.2075043770634649,0.7883811004483318,0.7026064753483692,0.4412799918528577,0.5961156478858244,0.7270778473462298,-0.081756109,0.5237889961190798,0.6148973045152698,0.6563997066005409,0.34570643888685526,0.40793954121695886,0.2384916066741997,0.14062298606132648,0.4561095109893913,0.6643733288025471,-0.02009448,0.5514136282008911,0.5726062799044304,0.6177096588198003,0.6683159030192736,0.5942061939608071,0.6014680082268644,0.4740574005830286
celery,0.5475736591922685,0.6628925569202885,0.4286195004168231,0.5800453248412973,0.7669117634022503,0.6025886644488754,0.6623214430664416,0.6594107843469111,0.7638664587816362,0.703413096,0.6040859819185842,0.5777087302985492,0.664547211,0.6188647169708849,0.5512628126682165,0.6361895436797318,0.32322379728528544,1,0.5094418694764931,0.7061198185921941,0.4553400801810079,0.5404908102444123,0.6573047022882424,0.6835488392828529,0.6868648644729581,0.47151617707698024,0.6276115900935985,0.7964425155312688,0.5863348924754023,0.49881658506793936,0.5811645363866839,0.6225857706012916,0.5807819174303505,0.5859950603241365,0.6124406182340769,0.5494004364920252,0.6186697589626549,0.6243488915573998,0.5225213138805417,0.29880185991927555,0.6266525312565702,0.43855451996298017,0.18185569831516804,0.1638806626967352,0.6472459152116015,0.5165129585336332,0.47190200306267477,0.7059883411205461,0.5988229773310038,0.6898958120773483,0.5842590518136522,0.651515703,0.5731415061094667,0.573336748,0.7694980271960778,0.4811714445275124,0.36663353606061894,0.2188278124873072,0.594929266,0.4781876467155396
chair,0.6151045093031511,0.4261780876035927,0.5325400651425048,0.5383169309377165,0.49050853433790703,0.6783583288282565,0.4787325571562966,0.5403183974731633,0.49672466754112665,0.5572292502713224,0.672023347,0.6225877145254596,0.6159547480267917,0.5750880067007953,0.4695419197289197,0.4973848986174413,0.6306443980045824,0.5094418694764931,1,0.6263429271584128,0.5164413748234556,0.5939557290952444,0.7578879974945656,0.7038262931267684,0.6622406219502088,0.28293504572801176,0.5370246770861202,0.4834715135886563,0.3221220274185501,0.6270972113806186,0.6782482914492933,0.5074343210096691,0.5968350441547321,0.6009835447569377,0.4544919620872629,0.5746435297812816,0.35663392245271763,0.6904142737432039,0.6140204560863035,0.44845602988799677,0.613476768,0.5871440331510912,-0.035917893,0.5566978028109436,0.5989856349391621,0.6426960227105626,0.32435063908115347,0.5574438323662234,0.265408867,0.25334381803762385,0.6656154482001189,0.6670230835513692,0.18103228454507958,0.5343140141061478,0.6234561981902962,0.5492954635012703,0.5547282282765347,0.44494172583026176,0.651241597,0.6385915659974417
chimney,0.663299251,0.7155828814019619,0.6457064749183288,0.7306636885965163,0.6831556896836452,0.7983407336868101,0.6893740891802447,0.7976519806167375,0.5648317923374843,0.7402318083377584,0.7687645910791081,0.7899361831183231,0.7139122363235181,0.6163067423154255,0.7310792494614385,0.7022751564848868,0.5060413922481658,0.7061198185921941,0.6263429271584128,1,0.5755662859449394,0.7476164200037931,0.875447019,0.7742319746912302,0.7553901258808797,0.5593508116160236,0.7750976237790881,0.6567464639707307,0.4693262872431749,0.6287691984694128,0.7306519140673132,0.7538303033997241,0.6849478114872664,0.7176668609666923,0.5002248946603961,0.606888766,0.6120673292530554,0.7187282419644918,0.6372901986462368,0.6869438945289366,0.7925012937998231,0.6212780069653122,0.2845511524140801,0.48243274278014436,0.7093498339646453,0.7470051974349928,0.5041977726566894,0.7859039768065703,0.7198886267318516,0.5416462492753458,0.7348113093060521,0.7190834765901171,0.5555962784188122,0.7682385423738858,0.7645913510308453,0.709244472,0.696052138,0.5948358616445367,0.7412153576592637,0.73151037
chisel,0.4019369228221036,0.5483922970227487,0.46059821811954665,0.48572311698300136,0.45476393817904576,0.5394577399660644,0.616985643,0.55402714,0.5685857280274877,0.5042989424939409,0.6188200813400658,0.6434465736388731,0.6384046839836393,0.5640924724746028,0.41413606375658485,0.3054129422368554,0.4912972004782738,0.4553400801810079,0.5164413748234556,0.5755662859449394,1,0.5386719942384333,0.6667054563506034,0.6322848408898474,0.7409006343537269,0.4278467935800274,0.6563852917421275,0.5117438096514857,0.2888057652580183,0.5022679052690158,0.6890112046899559,0.49079632504393295,0.5050102404320462,0.6948130720768004,0.26257798827033574,0.5808198647932815,0.5474908945250776,0.6274781361093464,0.5987665437419989,0.4357997305321588,0.5334420686561766,0.6355220045729661,0.06804554,0.5831901833617029,0.5607313724549294,0.5783718895423712,0.2628660369737903,0.700699174,0.43423633486584684,0.2953125953850458,0.6179174311526131,0.6551794344696166,0.3715490586193597,0.4337606230252601,0.6236386458862494,0.5627219083926411,0.4753074525410057,0.3859776531990435,0.6237241907153336,0.5847843885875539
church,0.4956473187242964,0.600272685,0.8250506496951568,0.8017119364434174,0.5748741452667211,0.7649672697822381,0.729926517,0.7766038901477663,0.49055703662531464,0.6551013413093889,0.6757246230036895,0.7493597346524414,0.6469019821878562,0.5929259446800664,0.6238999740305181,0.5452430218080571,0.39676054891719437,0.5404908102444123,0.5939557290952444,0.7476164200037931,0.5386719942384333,1,0.8102695269123896,0.6856727115592207,0.5708721519010055,0.6897408678707384,0.6746040979888234,0.6083752282925744,0.6117066574602809,0.8339988871589231,0.630868412,0.7065148149414388,0.4998135419129457,0.4738765273899497,0.3950239270931598,0.5183179125470304,0.6063110080673513,0.6023723675656577,0.5864955374524853,0.7962589408738062,0.6415192104670391,0.4995800895551093,0.20150785427855006,0.5351985646813404,0.7866905192521003,0.6582008769931497,0.5752454636310449,0.7645155334501552,0.541058731,0.30231262994666847,0.744574297,0.6587536135483298,0.425666276,0.7115811078193058,0.7840156802686599,0.7230642985688079,0.6894127874168267,0.5470588330617213,0.7299184714287086,0.7934032128793058
closet,0.6699366469079215,0.6417251289240626,0.7363159666353621,0.7798608043300667,0.6230535281366893,0.8559056127658773,0.6808819509145332,0.8099299915151452,0.5979250435572514,0.6867132036342207,0.7767374946078708,0.8116219343684417,0.7381870750078081,0.6946873359845691,0.696341403,0.5926040313028392,0.5348864572838978,0.6573047022882424,0.7578879974945656,0.875447019,0.6667054563506034,0.8102695269123896,1,0.8162634416352449,0.7978195616947402,0.49962858713082015,0.7558499457312584,0.6543261173772812,0.4355892255608061,0.7253695083137648,0.747629991,0.7387800940898338,0.6405816847832122,0.6990362885578424,0.4833639485164316,0.7002148896058094,0.6120354442431667,0.7605599123335623,0.7117790569871661,0.7130893290137286,0.7533381478515013,0.656145586,0.12944265713838354,0.5544899252297871,0.7394022657459105,0.7307400592711705,0.4412933312956598,0.796412602,0.5672632829472648,0.38205723348921944,0.799447472,0.7299652888716168,0.45472709192745314,0.7399727798902523,0.7983603341621377,0.7193606314346337,0.718187058,0.5942813649156454,0.7517135537390917,0.8364057145582562
coat,0.7579065449563539,0.738559,0.718785489,0.7626377852196802,0.665388495,0.7876128509014112,0.7706077509154067,0.7754242141542224,0.6525456111624471,0.8464890162575148,0.7851592971969835,0.8059588957463704,0.6550872872537576,0.7731530302288946,0.6983364088468806,0.697220916,0.6754600412289872,0.6835488392828529,0.7038262931267684,0.7742319746912302,0.6322848408898474,0.6856727115592207,0.8162634416352449,1,0.768791007,0.6077437064062942,0.7776441734911727,0.6492995738403256,0.610822574,0.6610878981981525,0.7617712730634469,0.8195265285198954,0.7507216064453285,0.7378513424128308,0.62791123,0.5881347940707998,0.5997136352275034,0.8624824437709744,0.8186557203217691,0.6087023287351238,0.7274679746471095,0.6980212805289788,0.14791031564644158,0.48480617046264757,0.8307039480435371,0.7633487713246677,0.5609076805031183,0.7358880808683742,0.4954404622695491,0.4290082385774123,0.7688578,0.8521497823405716,0.41641133624068183,0.7905734496857014,0.8680029250128722,0.8111690699782593,0.7410656584611118,0.635095011,0.8049312811206565,0.7168946029162675
corn,0.6483777509831214,0.6687924480785922,0.505956747,0.6074353321341487,0.5638529396548347,0.7201847648565008,0.6203499666049389,0.7155817572706529,0.7111979309115272,0.698733511,0.6778778804557397,0.7227721766481616,0.6473493907402931,0.643463704,0.683494717,0.546190563,0.5804090581365553,0.6868648644729581,0.6622406219502088,0.7553901258808797,0.7409006343537269,0.5708721519010055,0.7978195616947402,0.768791007,1,0.4175001505946289,0.7370256899068721,0.709779693,0.3399568677810809,0.5071379243146983,0.6799936194108757,0.6954607909183698,0.7583400384123535,0.7831824118189751,0.4214892192419616,0.615018774,0.46569988434299375,0.7979786035202987,0.696899426,0.525290478,0.7878776355404935,0.7353001865119921,0.010727162465338107,0.48806078171771394,0.663136095,0.692465206,0.3179402102816767,0.746639458,0.5159067990311277,0.42305503957732055,0.6531186855807739,0.702320206,0.4723380014660969,0.6260852461014412,0.7855281241484252,0.6178030260986043,0.6238991021807528,0.47983491258525823,0.7533823931059731,0.6041198836149484
cow,0.5193249385242578,0.7386459192826068,0.7205503766946592,0.6829194064577055,0.48217084,0.5677961894447769,0.8023244251164413,0.709062768,0.4532001629002827,0.7408114620976195,0.5450983205025266,0.7168340624708459,0.3724552400174228,0.577556122,0.5957181829848128,0.6037993557954398,0.4297604372101037,0.47151617707698024,0.28293504572801176,0.5593508116160236,0.4278467935800274,0.6897408678707384,0.49962858713082015,0.6077437064062942,0.4175001505946289,1,0.6455911078860063,0.5042778065501959,0.8288158495939718,0.6800641308088741,0.5033277672216019,0.6503641482071042,0.5519363628597058,0.49014932096514313,0.38054831023564484,0.1939269556227069,0.5938260180456834,0.5853908512537774,0.5497254073318613,0.6795062126391832,0.5682973091381802,0.477761355,0.28562939267521864,0.32906063285361314,0.8000209307721795,0.6021540687179346,0.7487278649838771,0.6095351994932988,0.5698253697989918,0.3717257895087956,0.5215272627419946,0.6840359858664349,0.43392715316081654,0.6524895604979392,0.74645929,0.7444978022538328,0.6538413320751076,0.5398158355330781,0.6646534618434852,0.5692160119140643
cup,0.5841622516970376,0.710072511,0.6484201157412139,0.6939011148686359,0.6187711215987859,0.7379755095156364,0.7232507996492681,0.782967419,0.5330969701426549,0.7081708877969594,0.7691626163563358,0.8338865372113468,0.6690368853072282,0.6031009566286998,0.6569559675998602,0.6682296762145666,0.5330177838565631,0.6276115900935985,0.5370246770861202,0.7750976237790881,0.6563852917421275,0.6746040979888234,0.7558499457312584,0.7776441734911727,0.7370256899068721,0.6455911078860063,1,0.6200145042575963,0.5004370520920086,0.6183942209769366,0.7440250719762822,0.7668820897857906,0.6957896329240789,0.7076205398492191,0.4197337455237263,0.5452098543511882,0.6068199514760058,0.713230437,0.6711841571995688,0.6924391521105376,0.7475985170965573,0.6497819090233357,0.32383122557538013,0.5277970968059716,0.746145158,0.6997947889467188,0.4759212484523062,0.8252183371241935,0.726257894,0.445926095,0.6742587126881563,0.7371242311469329,0.5359856603318998,0.6778683660810411,0.7531457903285331,0.7949482506213816,0.7040598183343834,0.6107104938740505,0.7608035228292167,0.7678975705856651
desk,0.4930819513981423,0.7373046264304185,0.4218929002557327,0.5995149703604966,0.7167961215140625,0.6006436727203308,0.6977707342852115,0.747633968,0.8707389737202972,0.7130017911543223,0.5905527769920251,0.538567394,0.6612287918828683,0.6513038614179435,0.6593564107803195,0.5124322334657284,0.25124556770634054,0.7964425155312688,0.4834715135886563,0.6567464639707307,0.5117438096514857,0.6083752282925744,0.6543261173772812,0.6492995738403256,0.709779693,0.5042778065501959,0.6200145042575963,1,0.567188874,0.5104192945815138,0.5540403679238044,0.6198061515142789,0.6007154836948161,0.6123801881545626,0.6209571608941656,0.6173057507485271,0.6090502869903236,0.5307080226199152,0.47774032633140096,0.4222045686630155,0.6267119439828357,0.42503791863664264,0.10605681291424619,0.16581497527229994,0.6080659161798615,0.5131648487129354,0.47419130333639015,0.682925789,0.5445989834118263,0.5316927509494163,0.643886195,0.5794552390632375,0.6750625939863937,0.5797552367939413,0.7667812990313648,0.4760737319222899,0.3954797992475818,0.27181610427525443,0.6210196991272292,0.46817504031033075
dog,0.5024735139472879,0.6750090955998911,0.6336316671713778,0.630066927,0.5965281392135315,0.47220546594170476,0.7502793748352357,0.6260505321121593,0.5612287281777548,0.741556376,0.45118448512597775,0.564597784,0.36391206434658663,0.6279514233081408,0.5134636730992552,0.5938792723456422,0.35932541563679216,0.5863348924754023,0.3221220274185501,0.4693262872431749,0.2888057652580183,0.6117066574602809,0.4355892255608061,0.610822574,0.3399568677810809,0.8288158495939718,0.5004370520920086,0.567188874,1,0.6236806631544679,0.4493237442182904,0.5870832979886005,0.45700252659037577,0.39048736725987737,0.5570604719465847,0.2207043311686022,0.5893702174063841,0.5148738048434203,0.5201791667592205,0.4592301544472525,0.44940105543644643,0.29194392556975646,0.31166289777635786,0.16392848013444283,0.7426003037798458,0.5464881953264824,0.7954069404275375,0.5271421008889012,0.4782669871242257,0.4897646531679901,0.5200787363614285,0.6432869804489635,0.43917490241432855,0.6159486368056771,0.7417554146004672,0.6147676995395419,0.4803771134043737,0.3643565923763589,0.5305970009270429,0.4514252488916671
door,0.46810508817687707,0.5370295074254055,0.7758870637356823,0.6737874680342681,0.4758718645646086,0.7224765870723638,0.6525367848398138,0.6107853571389987,0.450029095,0.5572902911632845,0.6474601808875251,0.6911668172195826,0.5998967068834553,0.5564081926861945,0.500367377,0.4812739277207436,0.4241393096283455,0.49881658506793936,0.6270972113806186,0.6287691984694128,0.5022679052690158,0.8339988871589231,0.7253695083137648,0.6610878981981525,0.5071379243146983,0.6800641308088741,0.6183942209769366,0.5104192945815138,0.6236806631544679,1,0.6756547489564487,0.6086682465493402,0.48193286762946713,0.45019471022975277,0.409019699,0.4837438870445106,0.5325112249806814,0.5958401063031651,0.5694439804139758,0.6521068075378947,0.5863260477960617,0.4969785081621936,0.10286640239634173,0.572203569,0.7583819150556382,0.6655574645343202,0.557961567,0.6792760776251378,0.4142000980167839,0.2047004462041991,0.7342583873026359,0.6770687350039851,0.2619800502070856,0.6182518746345081,0.7103672898328826,0.7297409702083643,0.6059634914639321,0.4874771103113398,0.715973391,0.7827015245604446
dress,0.5038700180220685,0.6451076943004871,0.542694705,0.5266456446770595,0.6568027861197433,0.6327224256636516,0.6650960326507622,0.6286590438512069,0.5384311174227686,0.6111248120652624,0.8026288369309063,0.7247336251376446,0.7832519055322387,0.5539235541551851,0.5468825470804948,0.5662086018479642,0.5377336818933097,0.5811645363866839,0.6782482914492933,0.7306519140673132,0.6890112046899559,0.630868412,0.747629991,0.7617712730634469,0.6799936194108757,0.5033277672216019,0.7440250719762822,0.5540403679238044,0.4493237442182904,0.6756547489564487,1,0.5391851660172459,0.559851817,0.7352772672208242,0.4657442088144022,0.698209673,0.625132906,0.6578754572103304,0.6372768183735664,0.529136442,0.6255572667524111,0.6261900362129588,0.20902002729186314,0.6221702820569549,0.6268853893065753,0.7491714700105724,0.4285307764883001,0.7836649864609634,0.5468538707482707,0.4118852435004611,0.7414275278126639,0.7622328813294973,0.4588078009522687,0.5401260671956007,0.6589053473606103,0.6813981525714922,0.5290387219250751,0.5083419957026643,0.7298820358054161,0.7319683385957035
dresser,0.6665722205636981,0.676046324,0.7451675570715884,0.8133397664717772,0.5024106875024851,0.8272836515358768,0.6605747793571333,0.7692005524209183,0.5500036137000478,0.7843453842299305,0.6264031976584982,0.7690537303710333,0.5274555861013128,0.6810931802662425,0.7172632998031255,0.6440780145794345,0.5372573496734859,0.6225857706012916,0.5074343210096691,0.7538303033997241,0.49079632504393295,0.7065148149414388,0.7387800940898338,0.8195265285198954,0.6954607909183698,0.6503641482071042,0.7668820897857906,0.6198061515142789,0.5870832979886005,0.6086682465493402,0.5391851660172459,1,0.7348069694514996,0.5590295594667859,0.4417757747381958,0.4186337700150823,0.47519484361707387,0.7839087323360705,0.7414288927732702,0.6909032053802918,0.7681785970179664,0.6147503552416996,0.21334566388882598,0.40111001591983403,0.8430392428743163,0.694724713,0.5331197095157878,0.6825333069182501,0.5509280664130457,0.37412314523379014,0.6572387098456134,0.7101641042403521,0.4092494130555797,0.8270505201718491,0.8358597210769958,0.8024363893789686,0.7919303892182802,0.6705739803447147,0.7509803485627033,0.6422538752765672
eye,0.8141409154230526,0.7618578721177187,0.48392237945857625,0.580626355,0.47487659430908324,0.732617218,0.6383169848305513,0.6658575364443906,0.5976933812607427,0.7896356038170287,0.6186063436973644,0.7226283460365998,0.47988058733788747,0.6312943411664019,0.7922337184858409,0.6893889491862384,0.6531204496519677,0.5807819174303505,0.5968350441547321,0.6849478114872664,0.5050102404320462,0.4998135419129457,0.6405816847832122,0.7507216064453285,0.7583400384123535,0.5519363628597058,0.6957896329240789,0.6007154836948161,0.45700252659037577,0.48193286762946713,0.559851817,0.7348069694514996,1,0.7718718623271338,0.4803009814084798,0.38984006336572474,0.38381796469714075,0.831666564,0.6731477703860751,0.5750891069064327,0.8589020407685993,0.7356528928242589,0.044973362678768745,0.3699416555604873,0.7038669056156076,0.648369097,0.4789986915172852,0.5359185059486353,0.4529658331236161,0.3898230910656118,0.6081648769130966,0.7156201852773766,0.4063122993207018,0.7119476288097336,0.7353689478852192,0.7020809181558123,0.7361946420866733,0.6388126372553382,0.7946205955047791,0.48399865949101656
fly,0.686241528,0.7751414463988489,0.40316869748504025,0.47191883808050017,0.6146712752434687,0.6426899646894089,0.6749874833702135,0.6556276609637399,0.6508388019241017,0.7032221797375228,0.7135688417688859,0.7563710583635037,0.6343306448372878,0.6141347909740155,0.6566856983770376,0.6131766956561319,0.6065619103921949,0.5859950603241365,0.6009835447569377,0.7176668609666923,0.6948130720768004,0.4738765273899497,0.6990362885578424,0.7378513424128308,0.7831824118189751,0.49014932096514313,0.7076205398492191,0.6123801881545626,0.39048736725987737,0.45019471022975277,0.7352772672208242,0.5590295594667859,0.7718718623271338,1,0.5209870419782191,0.5917348794625331,0.5982339674583524,0.7356519588209046,0.6651768409094888,0.48960016092055475,0.717355296,0.6895613067004198,0.098674252,0.45046690361541186,0.5803884556489286,0.6273435490713941,0.40488614179746724,0.6367344493411706,0.5414694877632531,0.45976543715624235,0.6465180600899966,0.7228786099928964,0.513328719,0.5740969346956666,0.6644702385959879,0.6081112918132577,0.5681696483898108,0.5624344586893533,0.7195362494218713,0.56464888
foot,0.5788919450807047,0.5764676022945082,0.3494371061034897,0.4676821439914971,0.6980420369788843,0.4608177820463752,0.5812612597600159,0.5324806291255415,0.633023721,0.6398935804064709,0.524066431,0.4164956589393629,0.5048981194849791,0.6100565931396892,0.5005427171796484,0.5268254292657449,0.3010008779140406,0.6124406182340769,0.4544919620872629,0.5002248946603961,0.26257798827033574,0.3950239270931598,0.4833639485164316,0.62791123,0.4214892192419616,0.38054831023564484,0.4197337455237263,0.6209571608941656,0.5570604719465847,0.409019699,0.4657442088144022,0.4417757747381958,0.4803009814084798,0.5209870419782191,1,0.5178007827508002,0.5365173383915077,0.4715844832672813,0.4731901140322307,0.25086463461287845,0.40648967092689303,0.3075478294073338,0.058575893,0.025793922,0.4868058281976486,0.3767034923546911,0.4950084855778955,0.3929391113315491,0.2593135295647109,0.43925985201822937,0.5602442112101867,0.557088398,0.43564693396398996,0.5647582210652071,0.5515245164380956,0.41484938,0.3258739260803523,0.3378545988533812,0.4867595974039236,0.3364040518447711
glass,0.35361059257002997,0.49766401966084156,0.3194454663480113,0.42626057867303535,0.5758298212741794,0.5683669907343043,0.4467832122432699,0.5363251136169793,0.6204311312308398,0.4150542771170735,0.588042083,0.4599887623149716,0.7753294614265052,0.5345648946735437,0.48228638229761106,0.28714489548664696,0.23450711837181307,0.5494004364920252,0.5746435297812816,0.606888766,0.5808198647932815,0.5183179125470304,0.7002148896058094,0.5881347940707998,0.615018774,0.1939269556227069,0.5452098543511882,0.6173057507485271,0.2207043311686022,0.4837438870445106,0.698209673,0.4186337700150823,0.38984006336572474,0.5917348794625331,0.5178007827508002,1,0.5370490053669196,0.45045145877956744,0.4382991114240061,0.35972768213590967,0.47227619758748574,0.4269984207708358,0.030766416423809166,0.37862198990134005,0.39004832965080694,0.4825652215012272,0.22024152552790482,0.6233899362650711,0.3470728273240296,0.3046068322358412,0.6746306010415183,0.5059681775403287,0.479189333,0.4023162015419063,0.5076077682274469,0.3907243918330583,0.3002320964252273,0.2813153318893634,0.504601104,0.5582040428700675
